t 1 2 3 4 jK0200 jL1 jL2
0 0 0 0 0 0 0 0
0.00598398 0.000178096 1.78096e-05 0.124845 0.125333 -0.00059757 -0.0059757 2.3286e-06
0.011968 0.00106011 0.000106011 0.245775 0.24869 -0.0023712 -0.023712 1.85182e-05
0.0179519 0.0033164 0.00033164 0.35897 0.368124 -0.00526414 -0.0526414 7.57411e-05
0.0239359 0.00755122 0.000755122 0.460793 0.481753 -0.0091833 -0.091833 0.000217835
0.0299199 0.0142724 0.00142724 0.547878 0.587785 -0.0140015 -0.140015 0.000503179
0.0359039 0.0238639 0.00238639 0.617214 0.684547 -0.0195608 -0.195608 0.00100181
0.0418879 0.0365628 0.00365628 0.666213 0.770513 -0.0256759 -0.256759 0.00179189
0.0478718 0.0524405 0.00524405 0.692782 0.844328 -0.032139 -0.32139 0.00295561
0.0538558 0.0713899 0.00713899 0.695372 0.904827 -0.0387251 -0.387251 0.00457469
0.0598398 0.0931183 0.00931183 0.673021 0.951056 -0.0451971 -0.451971 0.00672564
0.0658238 0.117147 0.0117147 0.625386 0.982287 -0.0513121 -0.513121 0.00947485
0.0718078 0.142815 0.0142815 0.552755 0.998027 -0.0568277 -0.568277 0.0128739
0.0777918 0.169296 0.0169296 0.456053 0.998027 -0.0615076 -0.615076 0.0169547
0.0837757 0.195613 0.0195613 0.336828 0.982287 -0.0651286 -0.651286 0.0217259
0.0897597 0.220662 0.0220662 0.197227 0.951057 -0.0674859 -0.674859 0.0271687
0.0957437 0.243246 0.0243246 0.0399537 0.904828 -0.0683993 -0.683993 0.0332343
0.101728 0.262108 0.0262108 -0.131778 0.844329 -0.0677178 -0.677178 0.0398418
0.107712 0.275968 0.0275968 -0.314313 0.770514 -0.0653247 -0.653247 0.0468771
0.113696 0.283566 0.0283566 -0.503626 0.684548 -0.0611412 -0.611412 0.054193
0.11968 0.283706 0.0283706 -0.695402 0.587787 -0.0551296 -0.551296 0.0616101
0.125664 0.275297 0.0275297 -0.885135 0.481755 -0.0472957 -0.472957 0.068919
0.131648 0.2574 0.02574 -1.06821 0.368126 -0.0376897 -0.376897 0.075884
0.137632 0.229265 0.0229265 -1.24003 0.248692 -0.0264067 -0.264067 0.0822472
0.143616 0.190372 0.0190372 -1.39606 0.125335 -0.0135864 -0.135864 0.0877339
0.1496 0.140467 0.0140467 -1.53202 2e-06 0.000589259 0.00589259 0.0920597
0.155584 0.0795849 0.00795849 -1.64388 -0.125331 0.0158982 0.158982 0.0949368
0.161567 0.00807627 0.000807627 -1.72803 -0.248688 0.0320821 0.320821 0.096083
0.167551 -0.0733792 -0.00733792 -1.78132 -0.368122 0.0488507 0.488507 0.0952292
0.173535 -0.163766 -0.0163766 -1.80119 -0.481752 0.0658874 0.658874 0.0921285
0.179519 -0.261734 -0.0261734 -1.78567 -0.587783 0.0828546 0.828546 0.0865651
0.185503 -0.365611 -0.0365611 -1.7335 -0.684545 0.0994012 0.994012 0.0783625
0.191487 -0.47342 -0.047342 -1.64412 -0.770512 0.115169 1.15169 0.0673922
0.197471 -0.58291 -0.058291 -1.51775 -0.844326 0.1298 1.298 0.0535807
0.203455 -0.691591 -0.0691591 -1.35537 -0.904826 0.142944 1.42944 0.0369166
0.209439 -0.796784 -0.0796784 -1.15872 -0.951056 0.154266 1.54266 0.0174561
0.215423 -0.895671 -0.0895671 -0.930311 -0.982287 0.163457 1.63457 -0.00467273
0.221407 -0.985356 -0.0985356 -0.673363 -0.998027 0.170233 1.70233 -0.0292672
0.227391 -1.06293 -0.106293 -0.391773 -0.998027 0.174352 1.74352 -0.0560485
0.233375 -1.12554 -0.112554 -0.0900484 -0.982288 0.175611 1.75611 -0.0846627
0.239359 -1.17045 -0.117045 0.226763 -0.951057 0.173857 1.73857 -0.114683
0.245343 -1.19515 -0.119515 0.553163 -0.904828 0.168991 1.68991 -0.145613
0.251327 -1.19738 -0.119738 0.883301 -0.84433 0.160969 1.60969 -0.176896
0.257311 -1.17523 -0.117523 1.21108 -0.770515 0.149807 1.49807 -0.207917
0.263295 -1.12719 -0.112719 1.53026 -0.68455 0.135582 1.35582 -0.238022
0.269279 -1.05224 -0.105224 1.8346 -0.587788 0.11843 1.1843 -0.266518
0.275263 -0.949841 -0.0949841 2.11794 -0.481757 0.0985501 0.985501 -0.292695
0.281247 -0.820054 -0.0820054 2.37437 -0.368128 0.0761973 0.761973 -0.315836
0.287231 -0.663516 -0.0663516 2.59831 -0.248694 0.051682 0.51682 -0.335234
0.293215 -0.481485 -0.0481485 2.78463 -0.125337 0.0253647 0.253647 -0.350205
0.299199 -0.275847 -0.0275847 2.92877 -4e-06 -0.00234886 -0.0234886 -0.360107
0.305183 -0.049106 -0.0049106 3.02684 0.125329 -0.031015 -0.31015 -0.364356
0.311167 0.19563 0.019563 3.07569 0.248686 -0.0601587 -0.601587 -0.36244
0.317151 0.454682 0.0454682 3.073 0.368121 -0.0892823 -0.892823 -0.353937
0.323135 0.723847 0.0723847 3.01734 0.48175 -0.117874 -1.17874 -0.338528
0.329119 0.99846 0.099846 2.90822 0.587782 -0.145416 -1.45416 -0.316009
0.335103 1.27346 0.127346 2.74608 0.684544 -0.171397 -1.71397 -0.286303
0.341087 1.54348 0.154348 2.53238 0.77051 -0.195317 -1.95317 -0.249472
0.347071 1.80295 0.180295 2.2695 0.844325 -0.216702 -2.16702 -0.205717
0.353055 2.04618 0.204618 1.96078 0.904825 -0.235111 -2.35111 -0.15539
0.359039 2.26747 0.226747 1.61047 0.951055 -0.250142 -2.50142 -0.0989887
0.365023 2.46128 0.246128 1.22363 0.982286 -0.261446 -2.61446 -0.0371603
0.371007 2.62225 0.262225 0.806123 0.998026 -0.268729 -2.68729 0.0293069
0.376991 2.74543 0.274543 0.36444 0.998027 -0.271763 -2.71763 0.0994894
0.382975 2.82631 0.282631 -0.0943387 0.982288 -0.270389 -2.70389 0.17234
0.388959 2.86098 0.286098 -0.56269 0.951058 -0.264521 -2.64521 0.246701
0.394943 2.84622 0.284622 -1.03277 0.904829 -0.254151 -2.54151 0.321323
0.400927 2.77958 0.277958 -1.49655 0.844331 -0.239349 -2.39349 0.39488
0.406911 2.65953 0.265953 -1.94596 0.770517 -0.220266 -2.20266 0.465997
0.412895 2.48543 0.248543 -2.37301 0.684551 -0.197127 -1.97127 0.533267
0.418879 2.25768 0.225768 -2.76998 0.58779 -0.170236 -1.70236 0.595283
0.424863 1.97771 0.197771 -3.1295 0.481759 -0.139967 -1.39967 0.650661
0.430847 1.64799 0.164799 -3.44475 0.36813 -0.106759 -1.06759 0.698067
0.436831 1.27207 0.127207 -3.70954 0.248696 -0.0711119 -0.711119 0.736247
0.442815 0.854501 0.0854501 -3.91845 0.125339 -0.0335773 -0.335773 0.764052
0.448799 0.400858 0.0400858 -4.06693 6e-06 0.00525116 0.0525116 0.780465
0.454783 -0.0823756 -0.00823756 -4.1514 -0.125327 0.0447463 0.447463 0.78463
0.460767 -0.587873 -0.0587873 -4.16934 -0.248684 0.0842584 0.842584 0.775866
0.466751 -1.10757 -0.110757 -4.1193 -0.368119 0.123126 1.23126 0.753698
0.472734 -1.63277 -0.163277 -4.001 -0.481748 0.160688 1.60688 0.717868
0.478718 -2.15434 -0.215434 -3.81531 -0.58778 0.196293 1.96293 0.668352
0.484702 -2.66277 -0.266277 -3.56428 -0.684542 0.229314 2.29314 0.605368
0.490686 -3.14844 -0.314844 -3.25107 -0.770509 0.259159 2.59159 0.529386
0.49667 -3.60171 -0.360171 -2.87998 -0.844324 0.285278 2.85278 0.441128
0.502654 -4.01316 -0.401316 -2.45633 -0.904824 0.307178 3.07178 0.341564
0.508638 -4.37372 -0.437372 -1.98642 -0.951054 0.324431 3.24431 0.231905
0.514622 -4.67489 -0.467489 -1.4774 -0.982286 0.336682 3.36682 0.113595
0.520606 -4.90893 -0.490893 -0.937176 -0.998026 0.343653 3.43653 -0.0117137
0.52659 -5.06898 -0.506898 -0.374293 -0.998027 0.345154 3.45154 -0.142175
0.532574 -5.14925 -0.514925 0.202233 -0.982289 0.341086 3.41086 -0.275778
0.538558 -5.14517 -0.514517 0.783044 -0.951059 0.331441 3.31441 -0.410378
0.544542 -5.05351 -0.505351 1.3586 -0.90483 0.316307 3.16307 -0.543725
0.550526 -4.87248 -0.487248 1.91936 -0.844332 0.295863 2.95863 -0.673508
0.55651 -4.60181 -0.460181 2.4559 -0.770518 0.270382 2.70382 -0.797384
0.562494 -4.24283 -0.424283 2.95913 -0.684553 0.240225 2.40225 -0.913028
0.568478 -3.79848 -0.379848 3.42041 -0.587791 0.205836 2.05836 -1.01817
0.574462 -3.27331 -0.327331 3.83171 -0.48176 0.167733 1.67733 -1.11063
0.580446 -2.67348 -0.267348 4.18579 -0.368132 0.126505 1.26505 -1.18839
0.58643 -2.00667 -0.200667 4.47626 -0.248697 0.0827976 0.827976 -1.24958
0.592414 -1.282 -0.1282 4.69776 -0.125341 0.0373055 0.373055 -1.29258
0.598398 -0.509906 -0.0509906 4.84603 -8e-06 -0.00924023 -0.0924023 -1.31601
0.604382 0.297964 0.0297964 4.91798 0.125325 -0.0560838 -0.560838 -1.31878
0.610366 1.12897 0.112897 4.91178 0.248682 -0.102458 -1.02458 -1.30012
0.61635 1.96966 0.196966 4.82688 0.368117 -0.147595 -1.47595 -1.25961
0.622334 2.80595 0.280595 4.66402 0.481746 -0.190744 -1.90744 -1.19717
0.628318 3.62342 0.362342 4.42526 0.587778 -0.231178 -2.31178 -1.1131
0.634302 4.4075 0.44075 4.11393 0.684541 -0.268212 -2.68212 -1.0081
0.640286 5.14374 0.514374 3.73457 0.770508 -0.301212 -3.01212 -0.883215
0.64627 5.81812 0.581812 3.29289 0.844323 -0.329606 -3.29606 -0.739889
0.652254 6.4172 0.64172 2.79566 0.904823 -0.352896 -3.52896 -0.579912
0.658238 6.9285 0.69285 2.25061 0.951054 -0.370664 -3.70664 -0.405417
0.664222 7.34065 0.734065 1.66629 0.982286 -0.382584 -3.82584 -0.218848
0.670206 7.64367 0.764367 1.05198 0.998026 -0.388424 -3.88424 -0.0229275
0.67619 7.82918 0.782918 0.417451 0.998027 -0.388051 -3.88051 0.17938
0.682174 7.89058 0.789058 -0.227103 0.982289 -0.381437 -3.81437 0.384916
0.688158 7.8232 0.78232 -0.8713 0.951059 -0.368656 -3.68656 0.590374
0.694142 7.62448 0.762448 -1.50471 0.904831 -0.349887 -3.49887 0.792352
0.700126 7.29402 0.729402 -2.11705 0.844333 -0.325407 -3.25407 0.987411
0.70611 6.83369 0.683369 -2.69834 0.770519 -0.295592 -2.95592 1.17213
0.712094 6.24762 0.624762 -3.23907 0.684554 -0.260906 -2.60906 1.34317
0.718078 5.5422 0.55422 -3.73037 0.587793 -0.221898 -2.21898 1.49732
0.724062 4.72604 0.472604 -4.16416 0.481762 -0.17919 -1.7919 1.63158
0.730046 3.80986 0.380986 -4.53329 0.368134 -0.133467 -1.33467 1.74319
0.73603 2.80637 0.280637 -4.83164 0.248699 -0.0854682 -0.854682 1.82969
0.742014 1.73007 0.173007 -5.05423 0.125343 -0.035971 -0.35971 1.88901
0.747998 0.597096 0.0597096 -5.19734 1e-05 0.0142192 0.142192 1.91943
0.753982 -0.575064 -0.0575064 -5.25852 -0.125323 0.0642839 0.642839 1.91972
0.759966 -1.76782 -0.176782 -5.23667 -0.24868 0.113405 1.13405 1.88909
0.76595 -2.96178 -0.296178 -5.13205 -0.368115 0.160778 1.60778 1.82725
0.771934 -4.13706 -0.413706 -4.94626 -0.481745 0.205626 2.05626 1.73443
0.777918 -5.27362 -0.527362 -4.68224 -0.587777 0.247214 2.47214 1.61139
0.783902 -6.35158 -0.635158 -4.34419 -0.684539 0.28486 2.8486 1.45939
0.789885 -7.35163 -0.735163 -3.93755 -0.770507 0.317947 3.17947 1.28022
0.795869 -8.25529 -0.825529 -3.46886 -0.844322 0.345931 3.45931 1.07616
0.801853 -9.04529 -0.904529 -2.94565 -0.904822 0.368356 3.68356 0.849953
0.807837 -9.70591 -0.970591 -2.37637 -0.951053 0.384857 3.84857 0.604781
0.813821 -10.2232 -1.02232 -1.77017 -0.982285 0.395167 3.95167 0.344208
0.819805 -10.5854 -1.05854 -1.13683 -0.998026 0.399122 3.99122 0.0721341
0.825789 -10.7831 -1.07831 -0.486525 -0.998027 0.396664 3.96664 -0.20726
0.831773 -10.8093 -1.08093 0.170301 -0.982289 0.387841 3.87841 -0.489581
0.837757 -10.66 -1.066 0.823122 -0.95106 0.372807 3.72807 -0.770293
0.843741 -10.3337 -1.03337 1.46151 -0.904832 0.35182 3.5182 -1.04479
0.849725 -9.8322 -0.98322 2.07529 -0.844334 0.325235 3.25235 -1.30845
0.855709 -9.16005 -0.916005 2.65472 -0.770521 0.2935 2.935 -1.55678
0.861693 -8.32483 -0.832483 3.19067 -0.684556 0.257147 2.57147 -1.78539
0.867677 -7.33699 -0.733699 3.67472 -0.587795 0.216783 2.16783 -1.99017
0.873661 -6.20972 -0.620972 4.09934 -0.481764 0.173082 1.73082 -2.16729
0.879645 -4.95884 -0.495884 4.45801 -0.368135 0.12677 1.2677 -2.31332
0.885629 -3.60251 -0.360251 4.74528 -0.248701 0.0786137 0.786137 -2.42526
0.891613 -2.16101 -0.216101 4.95691 -0.125345 0.0294084 0.294084 -2.50062
0.897597 -0.656428 -0.0656428 5.0899 -1.2e-05 -0.0200363 -0.200363 -2.53746
0.903581 0.887691 0.0887691 5.14255 0.125321 -0.0689102 -0.689102 -2.53444
0.909565 2.4467 0.24467 5.11446 0.248678 -0.116416 -1.16416 -2.49084
0.915549 3.99525 0.399525 5.00655 0.368113 -0.161783 -1.61783 -2.40661
0.921533 5.50771 0.550771 4.82104 0.481743 -0.204281 -2.04281 -2.28236
0.927517 6.95859 0.695859 4.56137 0.587775 -0.243228 -2.43228 -2.11936
0.933501 8.32299 0.832299 4.23219 0.684538 -0.278009 -2.78009 -1.91956
0.939485 9.57698 0.957698 3.83921 0.770505 -0.308079 -3.08079 -1.68551
0.945469 10.6981 1.06981 3.38916 0.844321 -0.332977 -3.32977 -1.42042
0.951453 11.6656 1.16656 2.88964 0.904822 -0.352329 -3.52329 -1.12801
0.957437 12.4611 1.24611 2.34898 0.951053 -0.365857 -3.65857 -0.812556
0.963421 13.0686 1.30686 1.77611 0.982285 -0.373383 -3.73383 -0.478754
0.969405 13.4751 1.34751 1.18043 0.998026 -0.37483 -3.7483 -0.131695
0.975389 13.6707 1.36707 0.571581 0.998028 -0.370221 -3.70221 0.223237
0.981373 13.6486 1.36486 -0.0406269 0.98229 -0.359685 -3.59685 0.580437
0.987357 13.4058 1.34058 -0.646445 0.951061 -0.343444 -3.43444 0.934173
0.993341 12.9428 1.29428 -1.23632 0.904833 -0.321818 -3.21818 1.27868
0.999325 12.2636 1.22636 -1.80104 0.844335 -0.295211 -2.95211 1.60825
1.00531 11.3761 1.13761 -2.33192 0.770522 -0.264109 -2.64109 1.91734
1.01129 10.2916 1.02916 -2.82091 0.684557 -0.229068 -2.29068 2.20065
1.01728 9.02474 0.902474 -3.2607 0.587796 -0.190707 -1.90707 2.45321
1.02326 7.59358 0.759358 -3.6449 0.481766 -0.149694 -1.49694 2.67049
1.02924 6.01903 0.601903 -3.96808 0.368137 -0.106732 -1.06732 2.84848
1.03523 4.32469 0.432469 -4.22585 0.248703 -0.0625545 -0.625545 2.98372
1.04121 2.53647 0.253647 -4.41496 0.125347 -0.0179048 -0.179048 3.07343
1.0472 0.682177 0.0682177 -4.53329 1.4e-05 0.026473 0.26473 3.11552
1.05318 -1.2089 -0.12089 -4.57991 -0.125319 0.0698474 0.698474 3.10863
1.05916 -3.10648 -0.310648 -4.55506 -0.248676 0.111512 1.11512 3.05221
1.06515 -4.97976 -0.497976 -4.46014 -0.368111 0.150799 1.50799 2.94648
1.07113 -6.79795 -0.679795 -4.29766 -0.481741 0.187086 1.87086 2.79248
1.07712 -8.53074 -0.853074 -4.07118 -0.587774 0.219811 2.19811 2.59206
1.0831 -10.1489 -1.01489 -3.78526 -0.684537 0.248479 2.48479 2.34783
1.08908 -11.6245 -1.16245 -3.44535 -0.770504 0.27267 2.7267 2.06314
1.09507 -12.932 -1.2932 -3.05769 -0.84432 0.292045 2.92045 1.74206
1.10105 -14.048 -1.4048 -2.62919 -0.904821 0.306354 3.06354 1.3893
1.10704 -14.9519 -1.49519 -2.1673 -0.951052 0.315433 3.15433 1.01012
1.11302 -15.6266 -1.56266 -1.67991 -0.982284 0.319211 3.19211 0.610311
1.119 -16.0584 -1.60584 -1.17517 -0.998026 0.317711 3.17711 0.196028
1.12499 -16.2375 -1.62375 -0.661362 -0.998028 0.311042 3.11042 -0.226241
1.13097 -16.1581 -1.61581 -0.146776 -0.98229 0.299402 2.99402 -0.649814
1.13696 -15.8184 -1.58184 0.360443 -0.951061 0.283072 2.83072 -1.06791
1.14294 -15.2211 -1.52211 0.852429 -0.904834 0.262406 2.62406 -1.47375
1.14892 -14.3731 -1.43731 1.32171 -0.844336 0.237831 2.37831 -1.86069
1.15491 -13.2855 -1.32855 1.76135 -0.770523 0.209831 2.09831 -2.22233
1.16089 -11.9731 -1.19731 2.16502 -0.684558 0.178943 1.78943 -2.55258
1.16688 -10.4551 -1.04551 2.52711 -0.587798 0.145744 1.45744 -2.84583
1.17286 -8.75375 -0.875375 2.84282 -0.481767 0.110842 1.10842 -3.09699
1.17884 -6.89486 -0.689486 3.1082 -0.368139 0.074862 0.74862 -3.30159
1.18483 -4.90693 -0.490693 3.32022 -0.248705 0.0384382 0.384382 -3.4559
1.19081 -2.82085 -0.282085 3.47679 -0.125349 0.00220021 0.0220021 -3.55694
1.1968 -0.669441 -0.0669441 3.57676 -1.6e-05 -0.0332373 -0.332373 -3.60258
1.20278 1.51311 0.151311 3.61994 0.125317 -0.0672853 -0.672853 -3.59155
1.20876 3.69179 0.369179 3.6071 0.248674 -0.0993908 -0.993908 -3.52349
1.21475 5.83134 0.583134 3.53986 0.368109 -0.129046 -1.29046 -3.39898
1.22073 7.8968 0.78968 3.42072 0.481739 -0.155795 -1.55795 -3.21948
1.22672 9.85414 0.985414 3.25296 0.587772 -0.179246 -1.79246 -2.98739
1.2327 11.6708 1.16708 3.04057 0.684535 -0.19907 -1.9907 -2.70595
1.23868 13.3161 1.33161 2.78815 0.770503 -0.215011 -2.15011 -2.37925
1.24467 14.7623 1.47623 2.50085 0.844319 -0.226889 -2.26889 -2.01212
1.25065 15.9841 1.59841 2.18423 0.90482 -0.234598 -2.34598 -1.61011
1.25664 16.9602 1.69602 1.84417 0.951051 -0.238112 -2.38112 -1.17937
1.26262 17.6727 1.76727 1.48676 0.982284 -0.237479 -2.37479 -0.726544
1.2686 18.1082 1.81082 1.11818 0.998026 -0.23282 -2.3282 -0.258709
1.27459 18.2575 1.82575 0.744604 0.998028 -0.224328 -2.24328 0.216773
1.28057 18.1161 1.81161 0.372091 0.98229 -0.212261 -2.12261 0.692359
1.28656 17.6842 1.76842 0.00647134 0.951062 -0.196935 -1.96935 1.16045
1.29254 16.9666 1.69666 -0.346736 0.904834 -0.178719 -1.78719 1.61351
1.29852 15.973 1.5973 -0.682414 0.844337 -0.158023 -1.58023 2.04419
1.30451 14.7175 1.47175 -0.995924 0.770524 -0.135296 -1.35296 2.44547
1.31049 13.2185 1.32185 -1.28317 0.68456 -0.111012 -1.11012 2.81073
1.31648 11.4987 1.14987 -1.54065 0.587799 -0.0856617 -0.856617 3.13391
1.32246 9.58442 0.958442 -1.7655 0.481769 -0.0597417 -0.597417 3.40957
1.32844 7.50526 0.750526 -1.95553 0.368141 -0.0337473 -0.337473 3.63302
1.33443 5.29373 0.529373 -2.10921 0.248707 -0.00816156 -0.0816156 3.80037
1.34041 2.9847 0.29847 -2.22571 0.125351 0.0165535 0.165535 3.90861
1.3464 0.614807 0.0614807 -2.30485 1.8e-05 0.0399653 0.399653 3.95567
1.35238 -1.77812 -0.177812 -2.34712 -0.125315 0.0616783 0.616783 3.94046
1.35836 -4.15566 -0.415566 -2.35361 -0.248672 0.0813409 0.813409 3.86288
1.36435 -6.47945 -0.647945 -2.32596 -0.368108 0.0986517 0.986517 3.72382
1.37033 -8.71179 -0.871179 -2.26633 -0.481738 0.113363 1.13363 3.5252
1.37632 -10.8163 -1.08163 -2.17734 -0.58777 0.125288 1.25288 3.26987
1.3823 -12.7584 -1.27584 -2.06197 -0.684534 0.134296 1.34296 2.96163
1.38828 -14.5061 -1.45061 -1.92353 -0.770501 0.140324 1.40324 2.60515
1.39427 -16.0305 -1.60305 -1.76552 -0.844318 0.143365 1.43365 2.20588
1.40025 -17.3059 -1.73059 -1.59161 -0.904819 0.143478 1.43478 1.77001
1.40624 -18.3108 -1.83108 -1.40556 -0.951051 0.140776 1.40776 1.30432
1.41222 -19.0278 -1.90278 -1.21108 -0.982284 0.135427 1.35427 0.816119
1.4182 -19.4444 -1.94444 -1.01184 -0.998026 0.127651 1.27651 0.313094
1.42419 -19.5526 -1.95526 -0.811332 -0.998028 0.117711 1.17711 -0.196792
1.43017 -19.3496 -1.93496 -0.612859 -0.982291 0.105905 1.05905 -0.705438
1.43616 -18.8374 -1.88374 -0.419442 -0.951062 0.0925662 0.925662 -1.20473
1.44214 -18.0234 -1.80234 -0.233792 -0.904835 0.0780474 0.780474 -1.68669
1.44812 -16.9195 -1.69195 -0.0582634 -0.844338 0.0627177 0.627177 -2.14357
1.45411 -15.5426 -1.55426 0.105171 -0.770526 0.046953 0.46953 -2.56801
1.46009 -13.914 -1.3914 0.254942 -0.684561 0.0311276 0.311276 -2.95315
1.46608 -12.0592 -1.20592 0.389893 -0.587801 0.0156068 0.156068 -3.29275
1.47206 -10.0074 -1.00074 0.50928 -0.481771 0.000738546 0.00738546 -3.58128
1.47804 -7.79106 -0.779106 0.612763 -0.368143 -0.0131533 -0.131533 -3.81399
1.48403 -5.44535 -0.544535 0.700384 -0.248709 -0.0257761 -0.257761 -3.98706
1.49001 -3.00769 -0.300769 0.772543 -0.125353 -0.0368739 -0.368739 -4.09758
1.496 -0.517051 -0.0517051 0.829962 -2e-05 -0.0462328 -0.462328 -4.14367
1.50198 1.98666 0.198666 0.873644 0.125313 -0.0536847 -0.536847 -4.12445
1.50796 4.46324 0.446324 0.904826 0.24867 -0.0591109 -0.591109 -4.04012
1.51395 6.87286 0.687286 0.924929 0.368106 -0.0624435 -0.624435 -3.8919
1.51993 9.17671 0.917671 0.935503 0.481736 -0.0636665 -0.636665 -3.68205
1.52592 11.3376 1.13376 0.938177 0.587769 -0.0628156 -0.628156 -3.41383
1.5319 13.3207 1.33207 0.934596 0.684532 -0.0599765 -0.599765 -3.09142
1.53788 15.094 1.5094 0.926376 0.7705 -0.0552826 -0.552826 -2.7199
1.54387 16.6286 1.66286 0.915046 0.844317 -0.0489117 -0.489117 -2.30512
1.54985 17.8998 1.78998 0.902007 0.904818 -0.0410808 -0.410808 -1.85366
1.55584 18.887 1.8887 0.888484 0.95105 -0.0320417 -0.320417 -1.37268
1.56182 19.5742 1.95742 0.875494 0.982283 -0.0220741 -0.220741 -0.869795
1.5678 19.9501 1.99501 0.863817 0.998025 -0.0114795 -0.114795 -0.353015
1.57379 20.0086 2.00086 0.85397 0.998028 -0.000573884 -0.00573884 0.169445
1.57977 19.7488 1.97488 0.846197 0.982291 0.0103197 0.103197 0.689272
1.58575 19.1747 1.91747 0.840464 0.951063 0.0208787 0.208787 1.1982
1.59174 18.2957 1.82957 0.836459 0.904836 0.0307887 0.307887 1.68812
1.59772 17.1258 1.71258 0.833606 0.844339 0.0397507 0.397507 2.15126
1.60371 15.6841 1.56841 0.831084 0.770527 0.0474883 0.474883 2.58025
1.60969 13.9936 1.39936 0.827854 0.684563 0.0537539 0.537539 2.96828
1.61567 12.0819 1.20819 0.822692 0.587803 0.0583353 0.583353 3.30922
1.62166 9.97963 0.997963 0.81423 0.481773 0.0610603 0.610603 3.59767
1.62764 7.72078 0.772078 0.801003 0.368145 0.0618014 0.618014 3.82911
1.63363 5.34177 0.534177 0.781495 0.248711 0.0604789 0.604789 3.9999
1.63961 2.8809 0.28809 0.754194 0.125355 0.0570636 0.570636 4.10741
1.64559 0.377778 0.0377778 0.717641 2.2e-05 0.0515777 0.515777 4.15002
1.65158 -2.12737 -0.212737 0.67049 -0.125311 0.0440949 0.440949 4.12714
1.65756 -4.59433 -0.459433 0.611556 -0.248668 0.0347397 0.347397 4.03926
1.66355 -6.9836 -0.69836 0.539864 -0.368104 0.0236851 0.236851 3.88787
1.66953 -9.25699 -0.925699 0.4547 -0.481734 0.0111492 0.111492 3.67553
1.67551 -11.3782 -1.13782 0.355646 -0.587767 -0.00260852 -0.0260852 3.40572
1.6815 -13.3137 -1.33137 0.24262 -0.684531 -0.017293 -0.17293 3.08288
1.68748 -15.0327 -1.50327 0.115896 -0.770499 -0.0325792 -0.325792 2.71225
1.69347 -16.5081 -1.65081 -0.0238659 -0.844316 -0.0481189 -0.481189 2.29985
1.69945 -17.717 -1.7717 -0.17562 -0.904817 -0.0635482 -0.635482 1.85236
1.70543 -18.6408 -1.86408 -0.337928 -0.951049 -0.0784949 -0.784949 1.37698
1.71142 -19.2653 -1.92653 -0.508968 -0.982283 -0.0925869 -0.925869 0.881359
1.7174 -19.5814 -1.95814 -0.686552 -0.998025 -0.10546 -1.0546 0.373438
1.72339 -19.5852 -1.95852 -0.868157 -0.998028 -0.116768 -1.16768 -0.138666
1.72937 -19.2775 -1.92775 -1.05096 -0.982292 -0.126185 -1.26185 -0.646795
1.73535 -18.6644 -1.86644 -1.23188 -0.951064 -0.13342 -1.3342 -1.14289
1.74134 -17.7567 -1.77567 -1.40763 -0.904837 -0.138219 -1.38219 -1.61909
1.74732 -16.5702 -1.65702 -1.5748 -0.84434 -0.140375 -1.40375 -2.06791
1.75331 -15.125 -1.5125 -1.72988 -0.770528 -0.139728 -1.39728 -2.48233
1.75929 -13.4452 -1.34452 -1.86938 -0.684564 -0.136175 -1.36175 -2.85588
1.76527 -11.5589 -1.15589 -1.98987 -0.587804 -0.12967 -1.2967 -3.18281
1.77126 -9.49718 -0.949718 -2.08805 -0.481774 -0.120228 -1.20228 -3.45812
1.77724 -7.2939 -0.72939 -2.16086 -0.368147 -0.107926 -1.07926 -3.67767
1.78323 -4.98507 -0.498507 -2.20554 -0.248713 -0.0929011 -0.929011 -3.83821
1.78921 -2.60824 -0.260824 -2.21968 -0.125357 -0.0753518 -0.753518 -3.9375
1.79519 -0.2019 -0.02019 -2.20131 -2.4e-05 -0.055533 -0.55533 -3.97424
1.80118 2.19519 0.219519 -2.14894 0.125309 -0.0337533 -0.337533 -3.94818
1.80716 4.54461 0.454461 -2.06164 0.248666 -0.0103701 -0.103701 -3.86005
1.81315 6.80889 0.680889 -1.93906 0.368102 0.0142171 0.142171 -3.71161
1.81913 8.95216 0.895216 -1.78147 0.481732 0.0395731 0.395731 -3.50553
1.82511 10.9407 1.09407 -1.58979 0.587766 0.065235 0.65235 -3.24543
1.8311 12.7434 1.27434 -1.36558 0.684529 0.0907209 0.907209 -2.93576
1.83708 14.3325 1.43325 -1.11106 0.770498 0.115539 1.15539 -2.58174
1.84307 15.6838 1.56838 -0.829077 0.844315 0.139196 1.39196 -2.18928
1.84905 16.777 1.6777 -0.523088 0.904817 0.161209 1.61209 -1.76485
1.85503 17.5962 1.75962 -0.197116 0.951049 0.181112 1.81112 -1.31542
1.86102 18.13 1.813 0.144305 0.982283 0.198467 1.98467 -0.848304
1.867 18.3718 1.83718 0.496191 0.998025 0.212875 2.12875 -0.371044
1.87299 18.3196 1.83196 0.853187 0.998028 0.22398 2.2398 0.108695
1.87897 17.9763 1.79763 1.20965 0.982292 0.23148 2.3148 0.583263
1.88495 17.3494 1.73494 1.55973 0.951064 0.235134 2.35134 1.04515
1.89094 16.4512 1.64512 1.8975 0.904838 0.234765 2.34765 1.48709
1.89692 15.298 1.5298 2.21702 0.844342 0.230266 2.30266 1.90221
1.90291 13.9102 1.39102 2.51247 0.770529 0.221608 2.21608 2.28411
1.90889 12.3121 1.23121 2.77826 0.684566 0.208833 2.08833 2.62696
1.91487 10.5308 1.05308 3.00911 0.587806 0.192063 1.92063 2.92563
1.92086 8.59648 0.859648 3.20018 0.481776 0.171495 1.71495 3.17572
1.92684 6.5415 0.65415 3.34714 0.368149 0.147399 1.47399 3.37365
1.93283 4.39987 0.439987 3.44632 0.248715 0.120115 1.20115 3.51671
1.93881 2.20676 0.220676 3.49471 0.125359 0.0900497 0.900497 3.60309
1.94479 -0.00214879 -0.000214879 3.49009 2.6e-05 0.0576675 0.576675 3.63192
1.95078 -2.19118 -0.219118 3.43107 -0.125307 0.0234847 0.234847 3.60324
1.95676 -4.32531 -0.432531 3.31715 -0.248665 -0.0119398 -0.119398 3.51804
1.96275 -6.37072 -0.637072 3.14872 -0.3681 -0.0480135 -0.480135 3.37819
1.96873 -8.29531 -0.829531 2.92711 -0.481731 -0.0841205 -0.841205 3.18643
1.97471 -10.0693 -1.00693 2.65457 -0.587764 -0.119633 -1.19633 2.94631
1.9807 -11.6654 -1.16654 2.33426 -0.684528 -0.15392 -1.5392 2.66213
1.98668 -13.0599 -1.30599 1.97022 -0.770496 -0.186363 -1.86363 2.33884
1.99267 -14.2322 -1.42322 1.5673 -0.844314 -0.216363 -2.16363 1.982
1.99865 -15.1657 -1.51657 1.13113 -0.904816 -0.243354 -2.43354 1.59762
2.00463 -15.8477 -1.58477 0.667991 -0.951048 -0.266813 -2.66813 1.19212
2.01062 -16.27 -1.627 0.184783 -0.982282 -0.286271 -2.86271 0.772183
2.0166 -16.4283 -1.64283 -0.311131 -0.998025 -0.301319 -3.01319 0.344652
2.02259 -16.323 -1.6323 -0.812022 -0.998028 -0.311621 -3.11621 -0.0835719
2.02857 -15.9587 -1.59587 -1.30992 -0.982292 -0.316917 -3.16917 -0.505656
2.03455 -15.344 -1.5344 -1.79675 -0.951065 -0.31703 -3.1703 -0.914938
2.04054 -14.4916 -1.44916 -2.26445 -0.904839 -0.311871 -3.11871 -1.30504
2.04652 -13.418 -1.3418 -2.70515 -0.844343 -0.301442 -3.01442 -1.66996
2.05251 -12.143 -1.2143 -3.11125 -0.770531 -0.285834 -2.85834 -2.00417
2.05849 -10.6895 -1.06895 -3.47561 -0.684567 -0.265232 -2.65232 -2.3027
2.06447 -9.08307 -0.908307 -3.79164 -0.587808 -0.239908 -2.39908 -2.56123
2.07046 -7.35146 -0.735146 -4.05345 -0.481778 -0.210219 -2.10219 -2.77611
2.07644 -5.52414 -0.552414 -4.25593 -0.36815 -0.176605 -1.76605 -2.94446
2.08243 -3.63176 -0.363176 -4.39488 -0.248717 -0.139575 -1.39575 -3.06417
2.08841 -1.7057 -0.17057 -4.46706 -0.125361 -0.099706 -0.99706 -3.13396
2.09439 0.222533 0.0222533 -4.4703 -2.8e-05 -0.0576313 -0.576313 -3.15335
2.10038 2.12176 0.212176 -4.40352 0.125305 -0.0140284 -0.140284 -3.1227
2.10636 3.96168 0.396168 -4.2668 0.248663 0.0303903 0.303903 -3.04316
2.11235 5.71335 0.571335 -4.06133 0.368098 0.0748901 0.748901 -2.91665
2.11833 7.34964 0.734964 -3.78947 0.481729 0.118727 1.18727 -2.74586
2.12431 8.84566 0.884566 -3.45472 0.587762 0.161159 1.61159 -2.5341
2.1303 10.1791 1.01791 -3.06163 0.684526 0.201462 2.01462 -2.28535
2.13628 11.3308 1.13308 -2.61577 0.770495 0.238938 2.38938 -2.00411
2.14227 12.2845 1.22845 -2.12366 0.844313 0.272931 2.72931 -1.69534
2.14825 13.0277 1.30277 -1.59265 0.904815 0.302839 3.02839 -1.36439
2.15423 13.5514 1.35514 -1.0308 0.951048 0.328122 3.28122 -1.01686
2.16022 13.8503 1.38503 -0.446791 0.982282 0.348313 3.48313 -0.658587
2.1662 13.9229 1.39229 0.150251 0.998025 0.363028 3.63028 -0.295453
2.17219 13.7714 1.37714 0.750888 0.998029 0.371972 3.71972 0.0666507
2.17817 13.4018 1.34018 1.34552 0.982293 0.374945 3.74945 0.421941
2.18415 12.8233 1.28233 1.92456 0.951066 0.371845 3.71845 0.764833
2.19014 12.0485 1.20485 2.47858 0.90484 0.362673 3.62673 1.09003
2.19612 11.0932 1.10932 2.99845 0.844344 0.347531 3.47531 1.39261
2.2021 9.97576 0.997576 3.47555 0.770532 0.326625 3.26625 1.66809
2.20809 8.71689 0.871689 3.90187 0.684569 0.300257 3.00257 1.91249
2.21407 7.33938 0.733938 4.27015 0.587809 0.268822 2.68822 2.12243
2.22006 5.86757 0.586757 4.57405 0.48178 0.232806 2.32806 2.29511
2.22604 4.32697 0.432697 4.8082 0.368152 0.192772 1.92772 2.4284
2.23202 2.74379 0.274379 4.96834 0.248719 0.149354 1.49354 2.52085
2.23801 1.14453 0.114453 5.05141 0.125363 0.103249 1.03249 2.57169
2.24399 -0.444517 -0.0444517 5.05556 3e-05 0.0552006 0.552006 2.58085
2.24998 -1.99764 -0.199764 4.98023 -0.125303 0.00598825 0.0598825 2.54891
2.25596 -3.49019 -0.349019 4.82615 -0.248661 -0.0435838 -0.435838 2.47716
2.26194 -4.89893 -0.489893 4.59534 -0.368096 -0.0927023 -0.927023 2.36747
2.26793 -6.2024 -0.62024 4.2911 -0.481727 -0.140558 -1.40558 2.22232
2.27391 -7.38128 -0.738128 3.91791 -0.587761 -0.186359 -1.86359 2.04472
2.2799 -8.41865 -0.841865 3.48144 -0.684525 -0.229344 -2.29344 1.83813
2.28588 -9.30022 -0.930022 2.98839 -0.770494 -0.268799 -2.68799 1.60646
2.29186 -10.0146 -1.00146 2.44644 -0.844312 -0.304063 -3.04063 1.35392
2.29785 -10.5532 -1.05532 1.86408 -0.904814 -0.334544 -3.34544 1.08499
2.30383 -10.9108 -1.09108 1.25049 -0.951047 -0.359729 -3.59729 0.804353
2.30982 -11.085 -1.1085 0.615421 -0.982281 -0.379192 -3.79192 0.516758
2.3158 -11.0766 -1.10766 -0.03102 -0.998025 -0.392599 -3.92599 0.226996
2.32178 -10.8894 -1.08894 -0.678495 -0.998029 -0.399717 -3.99717 -0.0602092
2.32777 -10.5302 -1.05302 -1.31662 -0.982293 -0.40042 -4.0042 -0.340271
2.33375 -10.0083 -1.00083 -1.93515 -0.951066 -0.394686 -3.94686 -0.608812
2.33974 -9.33579 -0.933579 -2.52411 -0.90484 -0.382599 -3.82599 -0.861736
2.34572 -8.52676 -0.852676 -3.07401 -0.844345 -0.364351 -3.64351 -1.09529
2.3517 -7.59745 -0.759745 -3.57598 -0.770533 -0.340235 -3.40235 -1.30611
2.35769 -6.56573 -0.656573 -4.0219 -0.68457 -0.310643 -3.10643 -1.4913
2.36367 -5.45079 -0.545079 -4.40459 -0.587811 -0.276056 -2.76056 -1.64841
2.36966 -4.27283 -0.427283 -4.71785 -0.481781 -0.23704 -2.3704 -1.77555
2.37564 -3.05265 -0.305265 -4.95666 -0.368154 -0.194233 -1.94233 -1.87133
2.38162 -1.81132 -0.181132 -5.11717 -0.248721 -0.148337 -1.48337 -1.93493
2.38761 -0.569819 -0.0569819 -5.19683 -0.125365 -0.100102 -1.00102 -1.96606
2.39359 0.651354 0.0651354 -5.19442 -3.2e-05 -0.0503176 -0.503176 -1.96499
2.39958 1.83248 0.183248 -5.11004 0.125301 0.000200777 0.00200777 -1.93252
2.40556 2.95496 0.295496 -4.94515 0.248659 0.0506287 0.506287 -1.86992
2.41154 4.00159 0.400159 -4.7025 0.368095 0.100144 1.00144 -1.77896
2.41753 4.95685 0.495685 -4.38614 0.481725 0.147942 1.47942 -1.66183
2.42351 5.80709 0.580709 -4.00129 0.587759 0.193247 1.93247 -1.52109
2.4295 6.54078 0.654078 -3.5543 0.684523 0.235328 2.35328 -1.35965
2.43548 7.14859 0.714859 -3.05252 0.770492 0.273509 2.73509 -1.18066
2.44146 7.62356 0.762356 -2.50416 0.84431 0.307182 3.07182 -0.987512
2.44745 7.96114 0.796114 -1.91821 0.904813 0.335813 3.35813 -0.783742
2.45343 8.15919 0.815919 -1.30422 0.951046 0.358957 3.58957 -0.572969
2.45942 8.21801 0.821801 -0.672181 0.982281 0.376258 3.76258 -0.358837
2.4654 8.14024 0.814024 -0.0323355 0.998025 0.387462 3.87462 -0.144953
2.47138 7.93077 0.793077 0.604973 0.998029 0.392414 3.92414 0.0651757
2.47737 7.59661 0.759661 1.22949 0.982293 0.391065 3.91065 0.268196
2.48335 7.1467 0.71467 1.8312 0.951067 0.383471 3.83471 0.460965
2.48934 6.59174 0.659174 2.40053 0.904841 0.36979 3.6979 0.640595
2.49532 5.94393 0.594393 2.92847 0.844346 0.35028 3.5028 0.804499
2.5013 5.21673 0.521673 3.40673 0.770535 0.325295 3.25295 0.950425
2.50729 4.4246 0.44246 3.82789 0.684572 0.295277 2.95277 1.07648
2.51327 3.58275 0.358275 4.18551 0.587812 0.260749 2.60749 1.18118
2.51926 2.7068 0.27068 4.47422 0.481783 0.222304 2.22304 1.26342
2.52524 1.81254 0.181254 4.68984 0.368156 0.180597 1.80597 1.32251
2.53122 0.91566 0.091566 4.8294 0.248723 0.136333 1.36333 1.35818
2.53721 0.0314293 0.00314293 4.89121 0.125367 0.0902521 0.902521 1.37056
2.54319 -0.82551 -0.082551 4.87486 3.4e-05 0.04312 0.4312 1.36018
2.54918 -1.64141 -0.164141 4.78126 -0.125299 -0.00428667 -0.0428667 1.32792
2.55516 -2.40361 -0.240361 4.61257 -0.248657 -0.0511931 -0.511931 1.27504
2.56114 -3.10076 -0.310076 4.37216 -0.368093 -0.0968397 -0.968397 1.20307
2.56713 -3.72297 -0.372297 4.06459 -0.481724 -0.140495 -1.40495 1.11385
2.57311 -4.26193 -0.426193 3.69545 -0.587757 -0.181466 -1.81466 1.00944
2.5791 -4.71102 -0.471102 3.27134 -0.684522 -0.219113 -2.19113 0.892121
2.58508 -5.06541 -0.506541 2.79968 -0.770491 -0.252856 -2.52856 0.764295
2.59106 -5.32204 -0.532204 2.28863 -0.844309 -0.282187 -2.82187 0.628479
2.59705 -5.47967 -0.547967 1.74692 -0.904812 -0.306677 -3.06677 0.487246
2.60303 -5.53885 -0.553885 1.18368 -0.951046 -0.325981 -3.25981 0.343179
2.60902 -5.5018 -0.55018 0.608343 -0.982281 -0.339845 -3.39845 0.198823
2.615 -5.3724 -0.53724 0.0304112 -0.998025 -0.348109 -3.48109 0.0566428
2.62098 -5.15602 -0.515602 -0.540656 -0.998029 -0.350706 -3.50706 -0.0810163
2.62697 -4.85941 -0.485941 -1.09562 -0.982294 -0.347668 -3.47668 -0.211968
2.63295 -4.4905 -0.44905 -1.62563 -0.951067 -0.339117 -3.39117 -0.334218
2.63894 -4.05828 -0.405828 -2.12233 -0.904842 -0.325267 -3.25267 -0.445993
2.64492 -3.57255 -0.357255 -2.57804 -0.844347 -0.306418 -3.06418 -0.545767
2.6509 -3.04374 -0.304374 -2.98585 -0.770536 -0.28295 -2.8295 -0.632275
2.65689 -2.48272 -0.248272 -3.33975 -0.684573 -0.255314 -2.55314 -0.704533
2.66287 -1.90057 -0.190057 -3.6347 -0.587814 -0.224025 -2.24025 -0.761844
2.66886 -1.30835 -0.130835 -3.86673 -0.481785 -0.18965 -1.8965 -0.803801
2.67484 -0.716977 -0.0716977 -4.03295 -0.368158 -0.152802 -1.52802 -0.830282
2.68082 -0.136933 -0.0136933 -4.13164 -0.248725 -0.114126 -1.14126 -0.841447
2.68681 0.421845 0.0421845 -4.16225 -0.125369 -0.0742849 -0.742849 -0.837722
2.69279 0.950154 0.0950154 -4.12537 -3.6e-05 -0.0339537 -0.339537 -0.819783
2.69878 1.43967 0.143967 -4.02272 0.125297 0.00619675 0.0619675 -0.788536
2.70476 1.88306 0.188306 -3.85711 0.248655 0.0455096 0.455096 -0.745092
2.71074 2.2741 0.22741 -3.63237 0.368091 0.0833532 0.833532 -0.690737
2.71673 2.60775 0.260775 -3.35327 0.481722 0.119132 1.19132 -0.626907
2.72271 2.88021 0.288021 -3.02543 0.587756 0.152295 1.52295 -0.555151
2.7287 3.08894 0.308894 -2.6552 0.68452 0.182347 1.82347 -0.477105
2.73468 3.23266 0.323266 -2.24955 0.77049 0.208853 2.08853 -0.39445
2.74066 3.31136 0.331136 -1.81592 0.844308 0.231448 2.31448 -0.308887
2.74665 3.32623 0.332623 -1.36212 0.904811 0.249839 2.49839 -0.2221
2.75263 3.27961 0.327961 -0.896132 0.951045 0.263812 2.63812 -0.135729
2.75862 3.1749 0.31749 -0.426031 0.98228 0.273232 2.73232 -0.0513363
2.7646 3.01645 0.301645 0.040207 0.998024 0.278042 2.78042 0.0296156
2.77058 2.80949 0.280949 0.494823 0.998029 0.27827 2.7827 0.10579
2.77657 2.55994 0.255994 0.930411 0.982294 0.274018 2.74018 0.175995
2.78255 2.2743 0.22743 1.34004 0.951068 0.265463 2.65463 0.239203
2.78854 1.95952 0.195952 1.71738 0.904843 0.252853 2.52853 0.29456
2.79452 1.62283 0.162283 2.05678 0.844348 0.236501 2.36501 0.341399
2.8005 1.27159 0.127159 2.35338 0.770537 0.216774 2.16774 0.379244
2.80649 0.913175 0.0913175 2.60317 0.684574 0.194092 1.94092 0.407809
2.81247 0.554789 0.0554789 2.80305 0.587816 0.168914 1.68914 0.427003
2.81846 0.20336 0.020336 2.95088 0.481787 0.141732 1.41732 0.436916
2.82444 -0.134592 -0.0134592 3.04547 0.36816 0.113059 1.13059 0.437815
2.83042 -0.453068 -0.0453068 3.0866 0.248727 0.0834226 0.834226 0.430131
2.83641 -0.746687 -0.0746687 3.07501 0.125371 0.0533515 0.533515 0.414445
2.84239 -1.01077 -0.101077 3.01237 3.8e-05 0.0233688 0.233688 0.391466
2.84837 -1.2414 -0.12414 2.90122 -0.125295 -0.0060188 -0.060188 0.362019
2.85436 -1.43549 -0.143549 2.74489 -0.248653 -0.0343292 -0.343292 0.327018
2.86034 -1.59078 -0.159078 2.54746 -0.368089 -0.0611134 -0.611134 0.28745
2.86633 -1.70589 -0.170589 2.31364 -0.48172 -0.0859625 -0.859625 0.244346
2.87231 -1.78028 -0.178028 2.04868 -0.587754 -0.108515 -1.08515 0.198764
2.87829 -1.81426 -0.181426 1.75826 -0.684519 -0.12846 -1.2846 0.151766
2.88428 -1.80892 -0.180892 1.44838 -0.770489 -0.145545 -1.45545 0.104393
2.89026 -1.76611 -0.176611 1.12522 -0.844307 -0.159577 -1.59577 0.0576493
2.89625 -1.68835 -0.168835 0.795043 -0.904811 -0.170423 -1.70423 0.0124823
2.90223 -1.57879 -0.157879 0.464069 -0.951044 -0.178015 -1.78015 -0.0302356
2.90821 -1.44106 -0.144106 0.138353 -0.98228 -0.182344 -1.82344 -0.0697202
2.9142 -1.27925 -0.127925 -0.176326 -0.998024 -0.183465 -1.83465 -0.105288
2.92018 -1.09776 -0.109776 -0.474565 -0.998029 -0.181487 -1.81487 -0.136368
2.92617 -0.901201 -0.0901201 -0.751434 -0.982295 -0.176575 -1.76575 -0.162504
2.93215 -0.694339 -0.0694339 -1.00256 -0.951069 -0.168942 -1.68942 -0.183366
2.93813 -0.481938 -0.0481938 -1.2242 -0.904844 -0.158845 -1.58845 -0.198746
2.94412 -0.26869 -0.026869 -1.41329 -0.844349 -0.146578 -1.46578 -0.20856
2.9501 -0.0591165 -0.00591165 -1.56751 -0.770538 -0.132466 -1.32466 -0.212846
2.95609 0.14252 0.014252 -1.68529 -0.684576 -0.116854 -1.16854 -0.211756
2.96207 0.332291 0.0332291 -1.76583 -0.587817 -0.100105 -1.00105 -0.205547
2.96805 0.50667 0.050667 -1.8091 -0.481788 -0.0825899 -0.825899 -0.194578
2.97404 0.662593 0.0662593 -1.81581 -0.368162 -0.0646771 -0.646771 -0.17929
2.98002 0.797501 0.0797501 -1.78742 -0.248728 -0.0467288 -0.467288 -0.160199
2.98601 0.909372 0.0909372 -1.72602 -0.125373 -0.0290921 -0.290921 -0.137882
2.99199 0.996746 0.0996746 -1.63435 -4e-05 -0.0120929 -0.120929 -0.112959
2.99797 1.05873 0.105873 -1.51565 0.125293 0.00397069 0.0397069 -0.086084
3.00396 1.09499 0.109499 -1.37366 0.248651 0.0188334 0.188334 -0.0579241
3.00994 1.10576 0.110576 -1.21246 0.368087 0.0322672 0.322672 -0.0291493
3.01593 1.09176 0.109176 -1.03644 0.481718 0.0440851 0.440851 -0.000416798
3.02191 1.05422 0.105422 -0.850133 0.587753 0.0541437 0.541437 0.0276419
3.02789 0.994812 0.0994812 -0.658174 0.684518 0.0623452 0.623452 0.054433
3.03388 0.915576 0.0915576 -0.465167 0.770487 0.0686374 0.686374 0.0794114
3.03986 0.81889 0.081889 -0.275593 0.844306 0.0730139 0.730139 0.102089
3.04585 0.70739 0.070739 -0.0937156 0.90481 0.0755125 0.755125 0.122046
3.05183 0.58391 0.058391 0.0765067 0.951044 0.076213 0.76213 0.138929
3.05781 0.451412 0.0451412 0.231503 0.98228 0.0752341 0.752341 0.152466
3.0638 0.312916 0.0312916 0.368162 0.998024 0.0727293 0.727293 0.16246
3.06978 0.171435 0.0171435 0.48389 0.998029 0.0688823 0.688823 0.168793
3.07577 0.0299138 0.00299138 0.576665 0.982295 0.0639016 0.639016 0.171425
3.08175 -0.108835 -0.0108835 0.645068 0.951069 0.0580152 0.580152 0.170393
3.08773 -0.242181 -0.0242181 0.688308 0.904845 0.051464 0.51464 0.165804
3.09372 -0.367723 -0.0367723 0.706231 0.84435 0.0444961 0.444961 0.157829
3.0997 -0.48333 -0.048333 0.699313 0.77054 0.0373601 0.373601 0.146702
3.10569 -0.587172 -0.0587172 0.668641 0.684577 0.030299 0.30299 0.132705
3.11167 -0.677744 -0.0677744 0.615882 0.587819 0.0235442 0.235442 0.116166
3.11765 -0.75388 -0.075388 0.543239 0.48179 0.0173099 0.173099 0.0974478
3.12364 -0.814762 -0.0814762 0.45339 0.368163 0.0117879 0.117879 0.0769378
3.12962 -0.859915 -0.0859915 0.349428 0.24873 0.007143 0.07143 0.0550414
3.13561 -0.889196 -0.0889196 0.234777 0.125375 0.00350897 0.0350897 0.0321718
3.14159 -0.902782 -0.0902782 0.113117 4.2e-05 0.000985693 0.00985693 0.00874166
3.14757 -0.901142 -0.0901142 -0.0117081 -0.125291 -0.000363341 -0.00363341 -0.0148446
3.15356 -0.885009 -0.0885009 -0.135781 -0.248649 -0.000512345 -0.00512345 -0.0381986
3.15954 -0.855347 -0.0855347 -0.255206 -0.368085 0.000526243 0.00526243 -0.0609537
3.16553 -0.813311 -0.0813311 -0.366199 -0.481717 0.00270221 0.0270221 -0.0827714
3.17151 -0.760207 -0.0760207 -0.46518 -0.587751 0.0059289 0.059289 -0.103345
3.17749 -0.697455 -0.0697455 -0.548859 -0.684516 0.0100855 0.100855 -0.122404
3.18348 -0.62654 -0.062654 -0.614313 -0.770486 0.01502 0.1502 -0.139715
3.18946 -0.54898 -0.054898 -0.659062 -0.844305 0.0205531 0.205531 -0.155085
3.19545 -0.466279 -0.0466279 -0.681129 -0.904809 0.0264828 0.264828 -0.16836
3.20143 -0.379896 -0.0379896 -0.67909 -0.951043 0.0325894 0.325894 -0.179424
3.20741 -0.291216 -0.0291216 -0.652117 -0.982279 0.0386408 0.386408 -0.188198
3.2134 -0.201517 -0.0201517 -0.600003 -0.998024 0.0443991 0.443991 -0.194641
3.21938 -0.11195 -0.011195 -0.523172 -0.998029 0.0496259 0.496259 -0.198739
3.22537 -0.0235261 -0.00235261 -0.422684 -0.982295 0.054089 0.54089 -0.200511
3.23135 0.0628973 0.00628973 -0.300213 -0.95107 0.0575685 0.575685 -0.199996
3.23733 0.14662 0.014662 -0.158026 -0.904845 0.0598625 0.598625 -0.197257
3.24332 0.227096 0.0227096 0.0010665 -0.844351 0.0607928 0.607928 -0.19237
3.2493 0.303928 0.0303928 0.173759 -0.770541 0.0602101 0.602101 -0.185427
3.25529 0.376856 0.0376856 0.356319 -0.684579 0.0579984 0.579984 -0.176526
3.26127 0.445738 0.0445738 0.544666 -0.587821 0.054079 0.54079 -0.16577
3.26725 0.510528 0.0510528 0.73445 -0.481792 0.0484134 0.484134 -0.153267
3.27324 0.571256 0.0571256 0.921149 -0.368165 0.0410056 0.410056 -0.139123
3.27922 0.628001 0.0628001 1.10016 -0.248732 0.0319033 0.319033 -0.123443
3.28521 0.680861 0.0680861 1.26691 -0.125377 0.0211983 0.211983 -0.106329
3.29119 0.729926 0.0729926 1.41694 -4.4e-05 0.00902557 0.0902557 -0.0878832
3.29717 0.775254 0.0775254 1.54603 0.125289 -0.00443815 -0.0443815 -0.0682029
3.30316 0.816844 0.0816844 1.65025 0.248647 -0.0189771 -0.189771 -0.0473862
3.30914 0.854614 0.0854614 1.72611 0.368083 -0.0343402 -0.343402 -0.0255319
3.31513 0.888382 0.0888382 1.77062 0.481715 -0.0502454 -0.502454 -0.00274226
3.32111 0.917852 0.0917852 1.78135 0.587749 -0.0663846 -0.663846 0.0208742
3.32709 0.942608 0.0942608 1.7565 0.684515 -0.0824304 -0.824304 0.0451998
3.33308 0.962106 0.0962106 1.695 0.770485 -0.0980415 -0.980415 0.0701039
3.33906 0.97568 0.097568 1.59646 0.844304 -0.112871 -1.12871 0.0954405
3.34505 0.982549 0.0982549 1.4613 0.904808 -0.126571 -1.26571 0.121044
3.35103 0.981832 0.0981832 1.29067 0.951043 -0.138805 -1.38805 0.146729
3.35701 0.97257 0.097257 1.08651 0.982279 -0.149249 -1.49249 0.172282
3.363 0.953751 0.0953751 0.851497 0.998024 -0.157605 -1.57605 0.197469
3.36898 0.924344 0.0924344 0.589017 0.99803 -0.163602 -1.63602 0.222025
3.37497 0.88333 0.088333 0.303113 0.982296 -0.167007 -1.67007 0.24566
3.38095 0.829749 0.0829749 -0.00157369 0.95107 -0.167631 -1.67631 0.268059
3.38693 0.762735 0.0762735 -0.319889 0.904846 -0.165329 -1.65329 0.288881
3.39292 0.681561 0.0681561 -0.646248 0.844352 -0.160013 -1.60013 0.307765
3.3989 0.585686 0.0585686 -0.974742 0.770542 -0.151646 -1.51646 0.324334
3.40489 0.474792 0.0474792 -1.29924 0.68458 -0.140253 -1.40253 0.3382
3.41087 0.348829 0.0348829 -1.61351 0.587822 -0.125914 -1.25914 0.348969
3.41685 0.208047 0.0208047 -1.91132 0.481794 -0.108774 -1.08774 0.35625
3.42284 0.0530293 0.00530293 -2.18659 0.368167 -0.0890314 -0.890314 0.359663
3.42882 -0.115281 -0.0115281 -2.43348 0.248734 -0.0669441 -0.669441 0.358849
3.43481 -0.295567 -0.0295567 -2.64654 0.125379 -0.0428218 -0.428218 0.353478
3.44079 -0.486124 -0.0486124 -2.82078 4.6e-05 -0.0170229 -0.170229 0.343257
3.44677 -0.684861 -0.0684861 -2.95181 -0.125288 0.0100509 0.100509 0.327946
3.45276 -0.889311 -0.0889311 -3.03593 -0.248645 0.0379617 0.379617 0.307364
3.45874 -1.09665 -0.109665 -3.07021 -0.368082 0.0662422 0.662422 0.281398
3.46472 -1.30371 -0.130371 -3.05257 -0.481713 0.094404 0.94404 0.250013
3.47071 -1.50705 -0.150705 -2.9818 -0.587748 0.121946 1.21946 0.213262
3.47669 -1.70299 -0.170299 -2.85767 -0.684513 0.148364 1.48364 0.171291
3.48268 -1.88764 -0.188764 -2.6809 -0.770484 0.173159 1.73159 0.124344
3.48866 -2.05702 -0.205702 -2.45317 -0.844303 0.195849 1.95849 0.0727673
3.49464 -2.2071 -0.22071 -2.17714 -0.904807 0.215973 2.15973 0.0170139
3.50063 -2.33388 -0.233388 -1.85639 -0.951042 0.233109 2.33109 -0.0423595
3.50661 -2.43349 -0.243349 -1.49539 -0.982278 0.246872 2.46872 -0.104693
3.5126 -2.50228 -0.250228 -1.09943 -0.998024 0.256931 2.56931 -0.169228
3.51858 -2.53686 -0.253686 -0.674549 -0.99803 0.263011 2.63011 -0.235115
3.52456 -2.53428 -0.253428 -0.227412 -0.982296 0.264901 2.64901 -0.30142
3.53055 -2.49204 -0.249204 0.234766 -0.951071 0.26246 2.6246 -0.367139
3.53653 -2.40818 -0.240818 0.704358 -0.904847 0.255618 2.55618 -0.431209
3.54252 -2.2814 -0.22814 1.17345 -0.844353 0.244384 2.44384 -0.492526
3.5485 -2.11108 -0.211108 1.63397 -0.770543 0.228842 2.28842 -0.549957
3.55448 -1.89735 -0.189735 2.07786 -0.684582 0.209154 2.09154 -0.602368
3.56047 -1.64115 -0.164115 2.49717 -0.587824 0.185558 1.85558 -0.648633
3.56645 -1.34423 -0.134423 2.88425 -0.481795 0.158367 1.58367 -0.687667
3.57244 -1.0092 -0.10092 3.23186 -0.368169 0.127962 1.27962 -0.718438
3.57842 -0.639481 -0.0639481 3.53332 -0.248736 0.0947862 0.947862 -0.739995
3.5844 -0.239346 -0.0239346 3.78263 -0.125381 0.0593427 0.593427 -0.751486
3.59039 0.186157 0.0186157 3.97458 -4.8e-05 0.022182 0.22182 -0.752181
3.59637 0.631245 0.0631245 4.10488 0.125286 -0.0161045 -0.161045 -0.741493
3.60236 1.08946 0.108946 4.17022 0.248643 -0.0548952 -0.548952 -0.718995
3.60834 1.55378 0.155378 4.16835 0.36808 -0.0935481 -0.935481 -0.684435
3.61432 2.01669 0.201669 4.09815 0.481711 -0.131412 -1.31412 -0.637751
3.62031 2.4703 0.24703 3.95964 0.587746 -0.167838 -1.67838 -0.579083
3.62629 2.9065 0.29065 3.75402 0.684512 -0.202191 -2.02191 -0.508782
3.63228 3.31707 0.331707 3.48365 0.770482 -0.23386 -2.3386 -0.427409
3.63826 3.69385 0.369385 3.15204 0.844302 -0.26227 -2.6227 -0.335741
3.64424 4.02885 0.402885 2.76378 0.904806 -0.286893 -2.86893 -0.234767
3.65023 4.31447 0.431447 2.32448 0.951041 -0.307257 -3.07257 -0.125678
3.65621 4.54358 0.454358 1.84072 0.982278 -0.322956 -3.22956 -0.0098588
3.6622 4.70974 0.470974 1.31989 0.998024 -0.333657 -3.33657 0.111128
3.66818 4.8073 0.48073 0.770119 0.99803 -0.339106 -3.39106 0.235563
3.67416 4.83156 0.483156 0.200134 0.982296 -0.339137 -3.39137 0.361591
3.68015 4.77889 0.477889 -0.3809 0.951072 -0.333671 -3.33671 0.487248
3.68613 4.64684 0.464684 -0.96352 0.904848 -0.322722 -3.22722 0.610489
3.69212 4.43423 0.443423 -1.53812 0.844354 -0.306399 -3.06399 0.729224
3.6981 4.14123 0.414123 -2.09514 0.770545 -0.284901 -2.84901 0.841348
3.70408 3.76942 0.376942 -2.62517 0.684583 -0.258517 -2.58517 0.94478
3.71007 3.32177 0.332177 -3.1192 0.587825 -0.227623 -2.27623 1.0375
3.71605 2.80273 0.280273 -3.56869 0.481797 -0.192675 -1.92675 1.11758
3.72204 2.21812 0.221812 -3.96578 0.368171 -0.154202 -1.54202 1.18322
3.72802 1.57513 0.157513 -4.3034 0.248738 -0.1128 -1.128 1.23282
3.734 0.882227 0.0882227 -4.57542 0.125383 -0.0691195 -0.691195 1.26495
3.73999 0.149067 0.0149067 -4.77673 5e-05 -0.0238553 -0.238553 1.27843
3.74597 -0.613651 -0.0613651 -4.90337 -0.125284 0.0222627 0.222627 1.27236
3.75196 -1.39432 -0.139432 -4.95257 -0.248641 0.0684836 0.684836 1.2461
3.75794 -2.18062 -0.218062 -4.92284 -0.368078 0.114048 1.14048 1.19936
3.76392 -2.95966 -0.295966 -4.814 -0.48171 0.158199 1.58199 1.13215
3.76991 -3.71825 -0.371825 -4.62715 -0.587744 0.200199 2.00199 1.04484
3.77589 -4.44306 -0.444306 -4.36474 -0.68451 0.239337 2.39337 0.938131
3.78188 -5.12089 -0.512089 -4.03044 -0.770481 0.274948 2.74948 0.813082
3.78786 -5.7389 -0.57389 -3.62917 -0.844301 0.306417 3.06417 0.67109
3.79384 -6.28482 -0.628482 -3.16699 -0.904805 0.333196 3.33196 0.51388
3.79983 -6.74719 -0.674719 -2.651 -0.951041 0.354809 3.54809 0.343487
3.80581 -7.11562 -0.711562 -2.08923 -0.982278 0.370865 3.70865 0.16223
3.8118 -7.38096 -0.738096 -1.49051 -0.998024 0.381062 3.81062 -0.0273125
3.81778 -7.53553 -0.753553 -0.864337 -0.99803 0.385194 3.85194 -0.222346
3.82376 -7.57326 -0.757326 -0.220718 -0.982297 0.383156 3.83156 -0.419893
3.82975 -7.48989 -0.748989 0.430016 -0.951072 0.374943 3.74943 -0.616844
3.83573 -7.28307 -0.728307 1.07736 -0.904849 0.360655 3.60655 -0.81
3.84172 -6.95246 -0.695246 1.71082 -0.844355 0.340492 3.40492 -0.99613
3.8477 -6.49981 -0.649981 2.32009 -0.770546 0.314756 3.14756 -1.17202
3.85368 -5.92895 -0.592895 2.89522 -0.684585 0.283839 2.83839 -1.33452
3.85967 -5.24585 -0.524585 3.42677 -0.587827 0.248225 2.48225 -1.48063
3.86565 -4.45852 -0.445852 3.90601 -0.481799 0.208476 2.08476 -1.60752
3.87164 -3.57696 -0.357696 4.32502 -0.368173 0.165226 1.65226 -1.71258
3.87762 -2.61303 -0.261303 4.67686 -0.24874 0.119169 1.19169 -1.79352
3.8836 -1.5803 -0.15803 4.95566 -0.125385 0.0710489 0.710489 -1.84835
3.88959 -0.493875 -0.0493875 5.15674 -5.2e-05 0.0216461 0.216461 -1.87547
3.89557 0.629839 0.0629839 5.27669 0.125282 -0.0282356 -0.282356 -1.87369
3.90156 1.77337 0.177337 5.31341 0.248639 -0.0777819 -0.777819 -1.84227
3.90754 2.91845 0.291845 5.26617 0.368076 -0.126182 -1.26182 -1.78092
3.91352 4.04631 0.404631 5.1356 0.481708 -0.172643 -1.72643 -1.68986
3.91951 5.13799 0.513799 4.92372 0.587743 -0.216402 -2.16402 -1.56977
3.92549 6.17465 0.617465 4.63384 0.684509 -0.256741 -2.56741 -1.42186
3.93148 7.13788 0.713788 4.27057 0.77048 -0.292995 -2.92995 -1.2478
3.93746 8.01008 0.801008 3.83973 0.8443 -0.324569 -3.24569 -1.04974
3.94344 8.77469 0.877469 3.34821 0.904805 -0.350943 -3.50943 -0.830277
3.94943 9.41657 0.941657 2.80392 0.95104 -0.371686 -3.71686 -0.592426
3.95541 9.92226 0.992226 2.21561 0.982277 -0.386458 -3.86458 -0.339571
3.9614 10.2802 1.02802 1.59275 0.998023 -0.395018 -3.95018 -0.0754231
3.96738 10.4812 1.04812 0.94534 0.99803 -0.397229 -3.97229 0.196033
3.97336 10.5182 1.05182 0.283792 0.982297 -0.393061 -3.93061 0.4706
3.97935 10.3869 1.03869 -0.381281 0.951073 -0.382586 -3.82586 0.743933
3.98533 10.0856 1.00856 -1.03923 0.90485 -0.365985 -3.65985 1.01161
3.99132 9.61547 0.961547 -1.67953 0.844357 -0.343539 -3.43539 1.2692
3.9973 8.98045 0.898045 -2.292 0.770547 -0.315624 -3.15624 1.51234
4.00328 8.18733 0.818733 -2.86692 0.684586 -0.282709 -2.82709 1.73681
4.00927 7.24564 0.724564 -3.39519 0.587829 -0.245343 -2.45343 1.9386
4.01525 6.1676 0.61676 -3.86854 0.481801 -0.204149 -2.04149 2.11398
4.02124 4.96794 0.496794 -4.27959 0.368175 -0.159812 -1.59812 2.25957
4.02722 3.66369 0.366369 -4.62201 0.248742 -0.113066 -1.13066 2.37243
4.0332 2.27398 0.227398 -4.89062 0.125387 -0.0646848 -0.646848 2.45007
4.03919 0.819747 0.0819747 -5.08145 5.4e-05 -0.0154656 -0.154656 2.49052
4.04517 -0.676615 -0.0676615 -5.19182 -0.12528 0.033783 0.33783 2.49239
4.05116 -2.19155 -0.219155 -5.22035 -0.248637 0.0822549 0.822549 2.45489
4.05714 -3.70076 -0.370076 -5.16702 -0.368074 0.12916 1.2916 2.37785
4.06312 -5.17954 -0.517954 -5.03313 -0.481706 0.173739 1.73739 2.26174
4.06911 -6.60326 -0.660326 -4.82127 -0.587741 0.215274 2.15274 2.10768
4.07509 -7.9477 -0.79477 -4.53529 -0.684507 0.253099 2.53099 1.91742
4.08108 -9.18953 -0.918953 -4.18021 -0.770478 0.286618 2.86618 1.69335
4.08706 -10.3067 -1.03067 -3.76214 -0.844299 0.315306 3.15306 1.43844
4.09304 -11.2787 -1.12787 -3.28818 -0.904804 0.338724 3.38724 1.15621
4.09903 -12.0871 -1.20871 -2.76627 -0.95104 0.356522 3.56522 0.850705
4.10501 -12.7161 -1.27161 -2.20507 -0.982277 0.368447 3.68447 0.526403
4.11099 -13.1521 -1.31521 -1.61382 -0.998023 0.374346 3.74346 0.188176
4.11698 -13.3849 -1.33849 -1.00215 -0.99803 0.374165 3.74165 -0.158795
4.12296 -13.4071 -1.34071 -0.379967 -0.982298 0.367956 3.67956 -0.5091
4.12895 -13.2149 -1.32149 0.242757 -0.951074 0.355868 3.55868 -0.857181
4.13493 -12.8078 -1.28078 0.856122 -0.904851 0.33815 3.3815 -1.19743
4.14091 -12.1889 -1.21889 1.45048 -0.844358 0.315141 3.15141 -1.52426
4.1469 -11.3649 -1.13649 2.01657 -0.770549 0.287268 2.87268 -1.83222
4.15288 -10.3458 -1.03458 2.54569 -0.684588 0.255035 2.55035 -2.11609
4.15887 -9.14513 -0.914513 3.02984 -0.58783 0.219013 2.19013 -2.37094
4.16485 -7.77949 -0.777949 3.4618 -0.481802 0.179834 1.79834 -2.59222
4.17083 -6.2685 -0.62685 3.8353 -0.368176 0.138177 1.38177 -2.7759
4.17682 -4.63445 -0.463445 4.14508 -0.248744 0.0947537 0.947537 -2.91846
4.1828 -2.90197 -0.290197 4.38697 -0.125389 0.0503014 0.503014 -3.017
4.18879 -1.09767 -0.109767 4.55796 -5.6e-05 0.0055657 0.055657 -3.06929
4.19477 0.750265 0.0750265 4.6562 0.125278 -0.0387105 -0.387105 -3.07383
4.20075 2.61254 0.261254 4.68108 0.248635 -0.0818 -0.818 -3.02987
4.20674 4.45922 0.445922 4.63316 0.368072 -0.123004 -1.23004 -2.9374
4.21272 6.26019 0.626019 4.51416 0.481704 -0.161662 -1.61662 -2.79725
4.21871 7.98569 0.798569 4.32697 0.58774 -0.197166 -1.97166 -2.61098
4.22469 9.60678 0.960678 4.0755 0.684506 -0.228969 -2.28969 -2.38096
4.23067 11.0958 1.10958 3.76468 0.770477 -0.25659 -2.5659 -2.11027
4.23666 12.427 1.2427 3.40031 0.844298 -0.27963 -2.7963 -1.80271
4.24264 13.5768 1.35768 2.98897 0.904803 -0.297768 -2.97768 -1.46271
4.24863 14.5242 1.45242 2.53792 0.951039 -0.310774 -3.10774 -1.09529
4.25461 15.2514 1.52514 2.05492 0.982277 -0.318506 -3.18506 -0.705975
4.26059 15.744 1.5744 1.54813 0.998023 -0.320916 -3.20916 -0.30071
4.26658 15.9909 1.59909 1.02599 0.99803 -0.318047 -3.18047 0.114223
4.27256 15.9854 1.59854 0.496998 0.982298 -0.31003 -3.1003 0.532314
4.27855 15.7245 1.57245 -0.0303519 0.951074 -0.297084 -2.97084 0.94692
4.28453 15.2093 1.52093 -0.547759 0.904851 -0.279508 -2.79508 1.35138
4.29051 14.4454 1.44454 -1.04723 0.844359 -0.257676 -2.57676 1.73911
4.2965 13.4421 1.34421 -1.52122 0.77055 -0.23203 -2.3203 2.10374
4.30248 12.2131 1.22131 -1.96274 0.684589 -0.20307 -2.0307 2.43919
4.30847 10.7756 1.07756 -2.36547 0.587832 -0.171345 -1.71345 2.73976
4.31445 9.15052 0.915052 -2.72383 0.481804 -0.137443 -1.37443 3.0003
4.32043 7.36219 0.736219 -3.03311 0.368178 -0.101978 -1.01978 3.2162
4.32642 5.43768 0.543768 -3.28947 0.248746 -0.0655836 -0.655836 3.38356
4.3324 3.40664 0.340664 -3.49003 0.125391 -0.0288949 -0.288949 3.4992
4.33839 1.30072 0.130072 -3.63289 5.8e-05 0.00745738 0.0745738 3.56075
4.34437 -0.84685 -0.084685 -3.7171 -0.125276 0.0428604 0.428604 3.56668
4.35035 -3.00187 -0.300187 -3.74273 -0.248634 0.0767295 0.767295 3.51636
4.35634 -5.12967 -0.512967 -3.71079 -0.36807 0.108518 1.08518 3.41004
4.36232 -7.19569 -0.719569 -3.62319 -0.481703 0.137727 1.37727 3.24888
4.36831 -9.16605 -0.916605 -3.48273 -0.587738 0.163912 1.63912 3.03495
4.37429 -11.0081 -1.10081 -3.29299 -0.684504 0.18669 1.8669 2.77118
4.38027 -12.6911 -1.26911 -3.05826 -0.770476 0.20575 2.0575 2.46131
4.38626 -14.1865 -1.41865 -2.78347 -0.844297 0.220848 2.20848 2.10989
4.39224 -15.4684 -1.54684 -2.47406 -0.904802 0.231821 2.31821 1.72215
4.39823 -16.5146 -1.65146 -2.13589 -0.951038 0.238579 2.38579 1.30397
4.40421 -17.3061 -1.73061 -1.77514 -0.982276 0.241111 2.41111 0.861764
4.41019 -17.8281 -1.78281 -1.39815 -0.998023 0.239483 2.39483 0.402385
4.41618 -18.0701 -1.80701 -1.01137 -0.99803 0.233832 2.33832 -0.0669842
4.42216 -18.0259 -1.80259 -0.6212 -0.982298 0.224368 2.24368 -0.538939
4.42815 -17.694 -1.7694 -0.233904 -0.951075 0.211362 2.11362 -1.00598
4.43413 -17.0776 -1.70776 0.14451 -0.904852 0.195144 1.95144 -1.46062
4.44011 -16.1846 -1.61846 0.508375 -0.84436 0.176095 1.76095 -1.89552
4.4461 -15.0271 -1.50271 0.852455 -0.770551 0.154639 1.54639 -2.30361
4.45208 -13.6221 -1.36221 1.17203 -0.684591 0.131232 1.31232 -2.6782
4.45807 -11.9904 -1.19904 1.46294 -0.587833 0.106357 1.06357 -3.01308
4.46405 -10.1566 -1.01566 1.72167 -0.481806 0.0805097 0.805097 -3.30266
4.47003 -8.14901 -0.814901 1.94537 -0.36818 0.0541917 0.541917 -3.542
4.47602 -5.9987 -0.59987 2.13189 -0.248748 0.0279003 0.279003 -3.72698
4.482 -3.73937 -0.373937 2.27978 -0.125393 0.00211902 0.0211902 -3.85431
4.48799 -1.40667 -0.140667 2.3883 -6e-05 -0.0226914 -0.226914 -3.92159
4.49397 0.962327 0.0962327 2.45741 0.125274 -0.0461015 -0.461015 -3.9274
4.49995 3.32974 0.332974 2.48776 0.248632 -0.0677202 -0.677202 -3.87129
4.50594 5.65751 0.565751 2.4806 0.368069 -0.0872023 -0.872023 -3.75378
4.51192 7.90797 0.790797 2.43777 0.481701 -0.104253 -1.04253 -3.57641
4.51791 10.0445 1.00445 2.36167 0.587736 -0.118635 -1.18635 -3.34168
4.52389 12.0323 1.20323 2.25511 0.684503 -0.130168 -1.30168 -3.05302
4.52987 13.8385 1.38385 2.12134 0.770475 -0.138734 -1.38734 -2.71476
4.53586 15.4331 1.54331 1.96389 0.844295 -0.144278 -1.44278 -2.33204
4.54184 16.7896 1.67896 1.78653 0.904801 -0.146806 -1.46806 -1.91073
4.54783 17.8851 1.78851 1.59317 0.951038 -0.146386 -1.46386 -1.45735
4.55381 18.7007 1.87007 1.38781 0.982276 -0.143142 -1.43142 -0.978995
4.55979 19.222 1.9222 1.17442 0.998023 -0.137254 -1.37254 -0.483156
4.56578 19.4396 1.94396 0.956891 0.998031 -0.128949 -1.28949 0.022345
4.57176 19.3485 1.93485 0.738948 0.982299 -0.118498 -1.18498 0.529499
4.57775 18.9491 1.89491 0.524096 0.951075 -0.106211 -1.06211 1.03024
4.58373 18.2465 1.82465 0.315551 0.904853 -0.0924244 -0.924244 1.51657
4.58971 17.2509 1.72509 0.1162 0.844361 -0.077498 -0.77498 1.9807
4.5957 15.9774 1.59774 -0.0714451 0.770552 -0.0618052 -0.618052 2.41516
4.60168 14.4453 1.44453 -0.245278 0.684592 -0.0457251 -0.457251 2.81294
4.60767 12.6785 1.26785 -0.403617 0.587835 -0.029634 -0.29634 3.16758
4.61365 10.7046 1.07046 -0.545218 0.481808 -0.0138979 -0.138979 3.47331
4.61963 8.55463 0.855463 -0.669273 0.368182 0.00113585 0.0113585 3.72513
4.62562 6.26268 0.626268 -0.775401 0.24875 0.0151451 0.151451 3.91886
4.6316 3.86516 0.386516 -0.863629 0.125395 0.0278398 0.278398 4.05129
4.63759 1.40029 0.140029 -0.934367 6.2e-05 0.0389678 0.389678 4.12013
4.64357 -1.09251 -0.109251 -0.988371 -0.125272 0.0483197 0.483197 4.12416
4.64955 -3.57328 -0.357328 -1.0267 -0.24863 0.0557326 0.557326 4.06315
4.65554 -6.00215 -0.600215 -1.05067 -0.368067 0.0610934 0.610934 3.93795
4.66152 -8.34004 -0.834004 -1.0618 -0.481699 0.0643403 0.643403 3.75043
4.66751 -10.5492 -1.05492 -1.06176 -0.587735 0.0654635 0.654635 3.50345
4.67349 -12.594 -1.2594 -1.05232 -0.684502 0.0645048 0.645048 3.20085
4.67947 -14.4414 -1.44414 -1.03527 -0.770473 0.0615561 0.615561 2.84736
4.68546 -16.0613 -1.60613 -1.01241 -0.844294 0.0567566 0.567566 2.44854
4.69144 -17.4275 -1.74275 -0.98544 -0.9048 0.0502889 0.502889 2.01068
4.69743 -18.5178 -1.85178 -0.955953 -0.951037 0.0423751 0.423751 1.54069
4.70341 -19.3144 -1.93144 -0.925375 -0.982275 0.0332703 0.332703 1.04603
4.70939 -19.8042 -1.98042 -0.894928 -0.998023 0.0232577 0.232577 0.534558
4.71538 -19.9792 -1.99792 -0.865601 -0.998031 0.0126406 0.126406 0.0143899
4.72136 -19.8364 -1.98364 -0.838121 -0.982299 0.00173617 0.0173617 -0.506199
4.72734 -19.3778 -1.93778 -0.812942 -0.951076 -0.00913245 -0.0913245 -1.01892
4.73333 -18.6109 -1.86109 -0.790235 -0.904854 -0.0196436 -0.196436 -1.51563
4.73931 -17.5478 -1.75478 -0.76989 -0.844362 -0.0294849 -0.294849 -1.9884
4.7453 -16.2056 -1.62056 -0.751524 -0.770554 -0.0383599 -0.383599 -2.42973
4.75128 -14.6059 -1.46059 -0.734498 -0.684593 -0.0459961 -0.459961 -2.83259
4.75726 -12.7744 -1.27744 -0.717946 -0.587837 -0.0521504 -0.521504 -3.19058
4.76325 -10.7406 -1.07406 -0.700801 -0.481809 -0.0566156 -0.566156 -3.49804
4.76923 -8.53731 -0.853731 -0.681839 -0.368184 -0.0592254 -0.592254 -3.7501
4.77522 -6.19997 -0.619997 -0.65972 -0.248752 -0.0598581 -0.598581 -3.94279
4.7812 -3.76623 -0.376623 -0.633037 -0.125397 -0.0584404 -0.584404 -4.0731
4.78718 -1.27525 -0.127525 -0.600365 -6.4e-05 -0.0549494 -0.549494 -4.13901
4.79317 1.23292 0.123292 -0.560315 0.12527 -0.0494132 -0.494132 -4.13957
4.79915 3.71799 0.371799 -0.511587 0.248628 -0.0419118 -0.419118 -4.07484
4.80514 6.14008 0.614008 -0.453019 0.368065 -0.0325748 -0.325748 -3.94594
4.81112 8.46041 0.846041 -0.383641 0.481697 -0.02158 -0.2158 -3.75504
4.8171 10.6419 1.06419 -0.302718 0.587733 -0.00914964 -0.0914964 -3.50528
4.82309 12.6497 1.26497 -0.209788 0.6845 0.00445394 0.0445394 -3.20074
4.82907 14.452 1.4452 -0.104704 0.770472 0.0189336 0.189336 -2.84638
4.83506 16.0203 1.60203 0.0123441 0.844293 0.0339634 0.339634 -2.44796
4.84104 17.3298 1.73298 0.140807 0.9048 0.0491955 0.491955 -2.01191
4.84702 18.3601 1.83601 0.279764 0.951037 0.0642675 0.642675 -1.54526
4.85301 19.0955 1.90955 0.427924 0.982275 0.0788104 0.788104 -1.05553
4.85899 19.5248 1.95248 0.583629 0.998023 0.0924561 0.924561 -0.550572
4.86498 19.642 1.9642 0.74487 0.998031 0.104846 1.04846 -0.0384668
4.87096 19.4461 1.94461 0.909316 0.982299 0.115639 1.15639 0.47261
4.87694 18.9413 1.89413 1.07435 0.951077 0.12452 1.2452 0.974525
4.88293 18.1366 1.81366 1.2371 0.904855 0.131205 1.31205 1.45932
4.88891 17.0459 1.70459 1.39452 0.844363 0.135449 1.35449 1.91933
4.8949 15.6878 1.56878 1.54339 0.770555 0.137055 1.37055 2.34732
4.90088 14.085 1.4085 1.68047 0.684595 0.135874 1.35874 2.7366
4.90686 12.2643 1.22643 1.80246 0.587838 0.131815 1.31815 3.08112
4.91285 10.2556 1.02556 1.90617 0.481811 0.124842 1.24842 3.37556
4.91883 8.09218 0.809218 1.98853 0.368186 0.11498 1.1498 3.61546
4.92482 5.80929 0.580929 2.04667 0.248754 0.102318 1.02318 3.79722
4.9308 3.4442 0.34442 2.07802 0.125399 0.0870022 0.870022 3.91821
4.93678 1.03528 0.103528 2.08037 6.6e-05 0.0692396 0.692396 3.97678
4.94277 -1.37854 -0.137854 2.0519 -0.125268 0.0492933 0.492933 3.97229
4.94875 -3.75843 -0.375843 1.99128 -0.248626 0.0274787 0.274787 3.90513
4.95474 -6.06628 -0.606628 1.8977 -0.368063 0.00415819 0.0415819 3.77667
4.96072 -8.26535 -0.826535 1.7709 -0.481696 -0.0202649 -0.202649 3.58928
4.9667 -10.3208 -1.03208 1.61124 -0.587732 -0.0453534 -0.453534 3.34627
4.97269 -12.2004 -1.22004 1.41968 -0.684499 -0.0706443 -0.706443 3.0518
4.97867 -13.8748 -1.38748 1.19781 -0.770471 -0.0956575 -0.956575 2.71087
4.98466 -15.3183 -1.53183 0.947836 -0.844292 -0.119904 -1.19904 2.32917
4.99064 -16.509 -1.6509 0.672571 -0.904799 -0.142898 -1.42898 1.91303
4.99662 -17.4291 -1.74291 0.375409 -0.951036 -0.164161 -1.64161 1.46929
5.00261 -18.0655 -1.80655 0.0602783 -0.982275 -0.183239 -1.83239 1.0052
5.00859 -18.4097 -1.84097 -0.268406 -0.998022 -0.199704 -1.99704 0.528283
5.01458 -18.4581 -1.84581 -0.605809 -0.998031 -0.213168 -2.13168 0.0462361
5.02056 -18.2117 -1.82117 -0.946746 -0.9823 -0.223291 -2.23291 -0.433222
5.02654 -17.6765 -1.76765 -1.28577 -0.951077 -0.229783 -2.29783 -0.902461
5.03253 -16.8631 -1.68631 -1.61726 -0.904856 -0.232421 -2.32421 -1.35407
5.03851 -15.7864 -1.57864 -1.9355 -0.844364 -0.231043 -2.31043 -1.78096
5.0445 -14.4657 -1.44657 -2.23482 -0.770556 -0.225561 -2.25561 -2.17651
5.05048 -12.9241 -1.29241 -2.50967 -0.684596 -0.21596 -2.1596 -2.53463
5.05646 -11.1879 -1.11879 -2.75471 -0.58784 -0.202302 -2.02302 -2.84989
5.06245 -9.28662 -0.928662 -2.96496 -0.481813 -0.184722 -1.84722 -3.11759
5.06843 -7.25219 -0.725219 -3.13584 -0.368188 -0.163434 -1.63434 -3.33384
5.07442 -5.11843 -0.511843 -3.26333 -0.248756 -0.138722 -1.38722 -3.49559
5.0804 -2.92053 -0.292053 -3.34399 -0.125401 -0.11094 -1.1094 -3.60069
5.08638 -0.694456 -0.0694456 -3.37511 -6.8e-05 -0.0805049 -0.805049 -3.64796
5.09237 1.52365 0.152365 -3.3547 0.125266 -0.0478911 -0.478911 -3.63712
5.09835 3.69807 0.369807 -3.28161 0.248624 -0.0136222 -0.136222 -3.56884
5.10434 5.7941 0.57941 -3.15554 0.368061 0.0217377 0.217377 -3.44473
5.11032 7.77859 0.777859 -2.97708 0.481694 0.0575931 0.575931 -3.26727
5.1163 9.6205 0.96205 -2.74771 0.58773 0.093328 0.93328 -3.03978
5.12229 11.2914 1.12914 -2.46982 0.684497 0.128316 1.28316 -2.76636
5.12827 12.7658 1.27658 -2.14666 0.77047 0.161933 1.61933 -2.45181
5.13426 14.0218 1.40218 -1.78233 0.844291 0.193565 1.93565 -2.10156
5.14024 15.0411 1.50411 -1.38172 0.904798 0.222625 2.22625 -1.72156
5.14622 15.8097 1.58097 -0.950433 0.951035 0.248558 2.48558 -1.31819
5.15221 16.3174 1.63174 -0.494734 0.982274 0.270856 2.70856 -0.898128
5.15819 16.5587 1.65587 -0.0214253 0.998022 0.289066 2.89066 -0.468273
5.16418 16.5323 1.65323 0.462246 0.998031 0.302797 3.02797 -0.0356083
5.17016 16.2416 1.62416 0.9487 0.9823 0.311732 3.11732 0.392911
5.17614 15.6938 1.56938 1.43015 0.951078 0.315632 3.15632 0.810466
5.18213 14.9007 1.49007 1.89874 0.904857 0.314342 3.14342 1.21049
5.18811 13.8776 1.38776 2.34665 0.844365 0.307795 3.07795 1.58676
5.1941 12.6437 1.26437 2.76627 0.770558 0.296015 2.96015 1.93353
5.20008 11.2212 1.12212 3.1503 0.684598 0.279116 2.79116 2.24556
5.20606 9.63537 0.963537 3.49189 0.587842 0.257303 2.57303 2.51826
5.21205 7.91374 0.791374 3.78479 0.481815 0.230869 2.30869 2.74772
5.21803 6.08577 0.608577 4.02343 0.368189 0.200191 2.00191 2.93076
5.22402 4.18236 0.418236 4.20302 0.248758 0.165725 1.65725 3.06502
5.23 2.23527 0.223527 4.31969 0.125403 0.127998 1.27998 3.14893
5.23598 0.276623 0.0276623 4.37054 7e-05 0.0875987 0.875987 3.18177
5.24197 -1.66165 -0.166165 4.3537 -0.125264 0.0451711 0.451711 3.16366
5.24795 -3.54833 -0.354833 4.2684 -0.248622 0.00140138 0.0140138 3.09554
5.25394 -5.35343 -0.535343 4.11498 -0.368059 -0.0429929 -0.429929 2.97915
5.25992 -7.04865 -0.704865 3.89489 -0.481692 -0.0872747 -0.872747 2.81699
5.2659 -8.60787 -0.860787 3.61073 -0.587728 -0.130701 -1.30701 2.61228
5.27189 -10.0075 -1.00075 3.26616 -0.684496 -0.172533 -1.72533 2.36889
5.27787 -11.2269 -1.12269 2.86591 -0.770468 -0.212054 -2.12054 2.09125
5.28386 -12.2486 -1.22486 2.41567 -0.84429 -0.248576 -2.48576 1.78431
5.28984 -13.0588 -1.30588 1.92203 -0.904797 -0.281456 -2.81456 1.45341
5.29582 -13.647 -1.3647 1.39237 -0.951035 -0.310107 -3.10107 1.10423
5.30181 -14.0069 -1.40069 0.834769 -0.982274 -0.334008 -3.34008 0.742657
5.30779 -14.1357 -1.41357 0.257843 -0.998022 -0.352711 -3.52711 0.374692
5.31378 -14.0348 -1.40348 -0.329368 -0.998031 -0.365854 -3.65854 0.00636294
5.31976 -13.7089 -1.37089 -0.917555 -0.982301 -0.373166 -3.73166 -0.356386
5.32574 -13.1668 -1.31668 -1.49729 -0.951079 -0.374472 -3.74472 -0.707786
5.33173 -12.4205 -1.24205 -2.0592 -0.904857 -0.369695 -3.69695 -1.04234
5.33771 -11.4853 -1.14853 -2.59407 -0.844366 -0.358863 -3.58863 -1.35491
5.34369 -10.3793 -1.03793 -3.09309 -0.770559 -0.342105 -3.42105 -1.64079
5.34968 -9.12312 -0.912312 -3.54791 -0.684599 -0.319649 -3.19649 -1.89578
5.35566 -7.73977 -0.773977 -3.95084 -0.587843 -0.291824 -2.91824 -2.11626
5.36165 -6.25384 -0.625384 -4.29498 -0.481817 -0.259049 -2.59049 -2.29923
5.36763 -4.69129 -0.469129 -4.57432 -0.368191 -0.221829 -2.21829 -2.44234
5.37361 -3.07895 -0.307895 -4.78387 -0.248759 -0.18075 -1.8075 -2.54393
5.3796 -1.44406 -0.144406 -4.91974 -0.125405 -0.136462 -1.36462 -2.60307
5.38558 0.186196 0.0186196 -4.9792 -7.2e-05 -0.0896762 -0.896762 -2.61952
5.39157 1.78514 0.178514 -4.96078 0.125262 -0.0411479 -0.411479 -2.59374
5.39755 3.32705 0.332705 -4.86423 0.24862 0.00833351 0.0833351 -2.5269
5.40353 4.78757 0.478757 -4.69062 0.368057 0.057959 0.57959 -2.4208
5.40952 6.14408 0.614408 -4.44226 0.48169 0.106913 1.06913 -2.27787
5.4155 7.37608 0.737608 -4.12269 0.587727 0.154387 1.54387 -2.1011
5.42149 8.46549 0.846549 -3.73665 0.684494 0.199595 1.99595 -1.89397
5.42747 9.39689 0.939689 -3.28999 0.770467 0.241784 2.41784 -1.66042
5.43345 10.1578 1.01578 -2.78957 0.844289 0.280249 2.80249 -1.40474
5.43944 10.7387 1.07387 -2.24317 0.904796 0.314345 3.14345 -1.13152
5.44542 11.1334 1.11334 -1.65935 0.951034 0.343498 3.43498 -0.845539
5.45141 11.3389 1.13389 -1.04733 0.982274 0.367213 3.67213 -0.551713
5.45739 11.3551 1.13551 -0.416807 0.998022 0.385086 3.85086 -0.254989
5.46337 11.1856 1.11856 0.222157 0.998031 0.396809 3.96809 0.0397306
5.46936 10.8366 1.08366 0.859346 0.982301 0.402174 4.02174 0.327671
5.47534 10.3175 1.03175 1.48453 0.951079 0.40108 4.0108 0.60426
5.48133 9.64004 0.964004 2.08766 0.904858 0.393534 3.93534 0.865205
5.48731 8.81876 0.881876 2.659 0.844367 0.379647 3.79647 1.10655
5.49329 7.87012 0.787012 3.18933 0.77056 0.359639 3.59639 1.32476
5.49928 6.81246 0.681246 3.67007 0.684601 0.333831 3.33831 1.51673
5.50526 5.6656 0.56656 4.09343 0.587845 0.302639 3.02639 1.67989
5.51125 4.45048 0.445048 4.45255 0.481818 0.266571 2.66571 1.81215
5.51723 3.18877 0.318877 4.74162 0.368193 0.226213 2.26213 1.91204
5.52321 1.90248 0.190248 4.95596 0.248761 0.182227 1.82227 1.9786
5.5292 0.613636 0.0613636 5.09211 0.125407 0.135329 1.35329 2.0115
5.53518 -0.656185 -0.0656185 5.14788 7.4e-05 0.086288 0.86288 2.01095
5.54117 -1.88615 -0.188615 5.1224 -0.12526 0.0359052 0.359052 1.97771
5.54715 -3.05652 -0.305652 5.01613 -0.248618 -0.014996 -0.14996 1.91308
5.55313 -4.14901 -0.414901 4.83084 -0.368056 -0.0655847 -0.655847 1.81887
5.55912 -5.14701 -0.514701 4.56961 -0.481689 -0.115037 -1.15037 1.69732
5.5651 -6.03588 -0.603588 4.23673 -0.587725 -0.162548 -1.62548 1.55111
5.57109 -6.80316 -0.680316 3.83769 -0.684493 -0.207348 -2.07348 1.38324
5.57707 -7.43872 -0.743872 3.37903 -0.770466 -0.248713 -2.48713 1.19702
5.58305 -7.93489 -0.793489 2.86827 -0.844288 -0.28598 -2.8598 0.996013
5.58904 -8.28657 -0.828657 2.31374 -0.904795 -0.318553 -3.18553 0.783918
5.59502 -8.49122 -0.849122 1.72451 -0.951033 -0.345916 -3.45916 0.564548
5.60101 -8.54889 -0.854889 1.11016 -0.982273 -0.367644 -3.67644 0.341749
5.60699 -8.46213 -0.846213 0.480661 -0.998022 -0.383403 -3.83403 0.11933
5.61297 -8.23593 -0.823593 -0.153783 -0.998031 -0.392961 -3.92961 -0.0989973
5.61896 -7.87754 -0.787754 -0.782938 -0.982301 -0.396191 -3.96191 -0.309681
5.62494 -7.39633 -0.739633 -1.39669 -0.95108 -0.393068 -3.93068 -0.509387
5.63093 -6.80356 -0.680356 -1.98521 -0.904859 -0.383676 -3.83676 -0.69505
5.63691 -6.11216 -0.611216 -2.53915 -0.844368 -0.3682 -3.682 -0.863923
5.64289 -5.33643 -0.533643 -3.04973 -0.770561 -0.346926 -3.46926 -1.01361
5.64888 -4.49183 -0.449183 -3.50897 -0.684602 -0.320233 -3.20233 -1.14212
5.65486 -3.59459 -0.359459 -3.90974 -0.587846 -0.28859 -2.8859 -1.24785
5.66085 -2.6615 -0.26615 -4.24591 -0.48182 -0.252542 -2.52542 -1.32965
5.66683 -1.70954 -0.170954 -4.51249 -0.368195 -0.212706 -2.12706 -1.3868
5.67281 -0.75561 -0.075561 -4.7056 -0.248763 -0.169758 -1.69758 -1.41903
5.6788 0.183789 0.0183789 -4.82264 -0.125409 -0.124418 -1.24418 -1.42651
5.68478 1.09281 0.109281 -4.86227 -7.6e-05 -0.0774436 -0.774436 -1.40981
5.69077 1.95654 0.195654 -4.82442 0.125258 -0.0296119 -0.296119 -1.36994
5.69675 2.76125 0.276125 -4.71031 0.248616 0.0182911 0.182911 -1.30826
5.70273 3.49457 0.349457 -4.52241 0.368054 0.0654846 0.654846 -1.22646
5.70872 4.14573 0.414573 -4.26439 0.481687 0.111206 1.11206 -1.12657
5.7147 4.70567 0.470567 -3.94104 0.587723 0.154724 1.54724 -1.01084
5.72069 5.16719 0.516719 -3.55819 0.684491 0.195351 1.95351 -0.881748
5.72667 5.525 0.5525 -3.12262 0.770464 0.232452 2.32452 -0.741948
5.73265 5.77579 0.577579 -2.64192 0.844287 0.265458 2.65458 -0.59419
5.73864 5.91826 0.591826 -2.12433 0.904794 0.293873 2.93873 -0.44129
5.74462 5.95303 0.595303 -1.57866 0.951033 0.317283 3.17283 -0.286073
5.75061 5.88264 0.588264 -1.01409 0.982273 0.335361 3.35361 -0.131322
5.75659 5.71144 0.571144 -0.440015 0.998022 0.347872 3.47872 0.0202706
5.76257 5.44547 0.544547 0.134109 0.998032 0.354677 3.54677 0.166147
5.76856 5.09227 0.509227 0.698919 0.982302 0.355734 3.55734 0.303928
5.77454 4.66076 0.466076 1.24531 0.95108 0.351096 3.51096 0.431449
5.78053 4.16102 0.416102 1.76459 0.90486 0.34091 3.4091 0.546794
5.78651 3.60408 0.360408 2.24861 0.844369 0.325415 3.25415 0.648322
5.79249 3.00168 0.300168 2.68992 0.770563 0.304936 3.04936 0.734693
5.79848 2.36607 0.236607 3.08186 0.684604 0.279875 2.79875 0.804876
5.80446 1.70974 0.170974 3.41869 0.587848 0.250707 2.50707 0.858167
5.81045 1.04521 0.104521 3.69566 0.481822 0.217968 2.17968 0.894188
5.81643 0.384791 0.0384791 3.90908 0.368197 0.182247 1.82247 0.912885
5.82241 -0.259632 -0.0259632 4.0564 0.248765 0.144175 1.44175 0.914522
5.8284 -0.876812 -0.0876812 4.13619 0.125411 0.104412 1.04412 0.899663
5.83438 -1.45632 -0.145632 4.14818 7.8e-05 0.0636358 0.636358 0.869157
5.84037 -1.98873 -0.198873 4.09326 -0.125256 0.0225333 0.225333 0.824113
5.84635 -2.46574 -0.246574 3.97343 -0.248614 -0.018216 -0.18216 0.765871
5.85233 -2.88033 -0.288033 3.79176 -0.368052 -0.0579486 -0.579486 0.695971
5.85832 -3.22684 -0.322684 3.55229 -0.481685 -0.0960295 -0.960295 0.61612
5.8643 -3.50102 -0.350102 3.26003 -0.587722 -0.131862 -1.31862 0.528153
5.87029 -3.7001 -0.37001 2.92075 -0.68449 -0.164898 -1.64898 0.433998
5.87627 -3.8228 -0.38228 2.54096 -0.770463 -0.194646 -1.94646 0.335636
5.88225 -3.86929 -0.386929 2.12774 -0.844286 -0.220678 -2.20678 0.235062
5.88824 -3.84117 -0.384117 1.68862 -0.904794 -0.242639 -2.42639 0.134248
5.89422 -3.74137 -0.374137 1.23143 -0.951032 -0.260247 -2.60247 0.0351063
5.90021 -3.57412 -0.357412 0.764177 -0.982272 -0.273303 -2.73303 -0.0605438
5.90619 -3.34478 -0.334478 0.294899 -0.998022 -0.281685 -2.81685 -0.151008
5.91217 -3.0597 -0.30597 -0.16849 -0.998032 -0.285356 -2.85356 -0.234747
5.91816 -2.72614 -0.272614 -0.618324 -0.982302 -0.284359 -2.84359 -0.310397
5.92414 -2.35203 -0.235203 -1.04732 -0.951081 -0.278816 -2.78816 -0.376794
5.93013 -1.94586 -0.194586 -1.44871 -0.904861 -0.268925 -2.68925 -0.432989
5.93611 -1.51647 -0.151647 -1.81633 -0.84437 -0.254952 -2.54952 -0.478259
5.94209 -1.07289 -0.107289 -2.14472 -0.770564 -0.237229 -2.37229 -0.512114
5.94808 -0.624155 -0.0624155 -2.42926 -0.684605 -0.216145 -2.16145 -0.534303
5.95406 -0.179129 -0.0179129 -2.66614 -0.58785 -0.192137 -1.92137 -0.544806
5.96005 0.25365 0.025365 -2.85252 -0.481824 -0.165683 -1.65683 -0.543832
5.96603 0.666129 0.0666129 -2.98648 -0.368199 -0.13729 -1.3729 -0.531806
5.97201 1.05088 0.105088 -3.06708 -0.248767 -0.107488 -1.07488 -0.509356
5.978 1.40123 0.140123 -3.09434 -0.125413 -0.0768186 -0.768186 -0.477295
5.98398 1.71136 0.171136 -3.06923 -8e-05 -0.0458224 -0.458224 -0.436597
