t 1 2 3 4 5 jL0100 jL0201 jL0302 jL0403 jV0500
0 0 0 0 0 0 0 0 0 0 0
0.04 0.997807 0.00227947 6.02806e-06 1.32326e-08 1 0.38785 -0.386208 -0.000579547 -6.61631e-07 -0.774058
0.08 0.989066 0.0113429 5.40175e-05 1.71392e-07 1 1.16015 -1.15172 -0.00403687 -7.24634e-06 -2.31187
0.12 0.971699 0.0292534 0.000244572 1.11531e-06 1 1.9223 -1.89663 -0.0143096 -3.99497e-05 -3.81894
0.16 0.945938 0.055583 0.000763138 4.91699e-06 1 2.66769 -2.60765 -0.0356793 -0.000150134 -5.27535
0.2 0.912123 0.0897019 0.00187874 1.6687e-05 1 3.38993 -3.27211 -0.0720419 -0.000438364 -6.66204
0.24 0.8707 0.130793 0.00393328 4.68681e-05 1 4.08291 -3.87821 -0.126769 -0.00107069 -7.96112
0.28 0.822212 0.177869 0.00732788 0.000114116 1 4.74095 -4.41522 -0.202582 -0.00229171 -9.15617
0.32 0.767289 0.229797 0.0125064 0.000248622 1 5.35879 -4.8737 -0.301448 -0.00443359 -10.2325
0.36 0.706642 0.285322 0.0199372 0.000495704 1 5.93171 -5.24567 -0.424492 -0.00792051 -11.1774
0.4 0.641043 0.343096 0.0300925 0.000919476 1 6.45556 -5.5247 -0.571935 -0.0132681 -11.9803
0.44 0.571322 0.401709 0.0434282 0.00160639 1 6.92681 -5.70609 -0.743059 -0.0210775 -12.6329
0.48 0.498345 0.459718 0.0603617 0.00266842 1 7.34259 -5.78687 -0.936197 -0.0320242 -13.1295
0.52 0.423006 0.515683 0.0812515 0.00424573 1 7.70072 -5.7659 -1.14875 -0.0468411 -13.4666
0.56 0.346211 0.568195 0.106377 0.0065085 1 7.99972 -5.64383 -1.37722 -0.0662973 -13.6436
0.6 0.268863 0.615912 0.13592 0.00965787 1 8.2388 -5.42308 -1.61731 -0.0911716 -13.6619
0.64 0.191849 0.657582 0.169949 0.0139258 1 8.41788 -5.10777 -1.86397 -0.122223 -13.5256
0.68 0.116027 0.692078 0.208407 0.0195734 1 8.53755 -4.70362 -2.11158 -0.160157 -13.2412
0.72 0.0422121 0.718417 0.251099 0.0268883 1 8.59906 -4.21781 -2.35401 -0.205592 -12.8169
0.76 -0.0288319 0.735782 0.29769 0.0361806 1 8.60426 -3.65886 -2.58481 -0.259021 -12.2631
0.8 -0.0964061 0.743544 0.347699 0.0477766 1 8.55558 -3.03638 -2.7974 -0.320779 -11.592
0.84 -0.159884 0.741266 0.400502 0.0620123 1 8.45596 -2.36093 -2.98518 -0.391004 -10.8169
0.88 -0.218717 0.728722 0.455341 0.0792246 1 8.3088 -1.64378 -3.14174 -0.469611 -9.95258
0.92 -0.272445 0.705892 0.511332 0.0997419 1 8.11788 -0.896691 -3.26102 -0.556258 -9.01457
0.96 -0.320696 0.672966 0.56748 0.123874 1 7.88732 -0.131668 -3.33751 -0.65033 -8.01899
1 -0.36319 0.630339 0.622697 0.151899 1 7.6215 0.639249 -3.36635 -0.750914 -6.98225
1.04 -0.399741 0.578598 0.675827 0.184053 1 7.32494 1.40422 -3.34351 -0.856797 -5.92072
1.08 -0.430252 0.518509 0.725666 0.220518 1 7.00232 2.15182 -3.26592 -0.966459 -4.8505
1.12 -0.45472 0.451001 0.770994 0.261409 1 6.65833 2.87126 -3.13154 -1.07808 -3.78708
1.16 -0.473223 0.377144 0.8106 0.306761 1 6.29764 3.55252 -2.93947 -1.18956 -2.74512
1.2 -0.485923 0.298122 0.843311 0.356523 1 5.92482 4.18658 -2.68999 -1.29853 -1.73824
1.24 -0.493053 0.215209 0.868029 0.410541 1 5.54429 4.76551 -2.38459 -1.4024 -0.778778
1.28 -0.494913 0.129744 0.88375 0.468557 1 5.16026 5.28261 -2.02596 -1.49839 0.122343
1.32 -0.491859 0.0430934 0.889602 0.530197 1 4.7767 5.73247 -1.61796 -1.5836 0.955766
1.36 -0.484297 -0.0433677 0.884863 0.594969 1 4.39727 6.11105 -1.16554 -1.65502 1.71379
1.4 -0.472671 -0.128292 0.868989 0.662263 1 4.02529 6.41571 -0.67469 -1.70965 2.39042
1.44 -0.457454 -0.210384 0.841631 0.731346 1 3.66375 6.64516 -0.152283 -1.74452 2.98141
1.48 -0.439139 -0.288426 0.802654 0.801372 1 3.31524 6.79947 0.394036 -1.75679 3.48423
1.52 -0.418227 -0.361306 0.752143 0.871384 1 2.98198 6.88002 0.956016 -1.74382 3.89804
1.56 -0.395221 -0.428033 0.690413 0.940325 1 2.66579 6.88938 1.52497 -1.70321 4.22358
1.6 -0.370614 -0.487756 0.618009 1.00705 1 2.36811 6.8312 2.09197 -1.63292 4.46309
1.64 -0.344884 -0.539781 0.535701 1.07033 1 2.09 6.71015 2.64801 -1.53132 4.62015
1.68 -0.318484 -0.58358 0.444472 1.1289 1 1.83214 6.5317 3.18425 -1.39722 4.69956
1.72 -0.291838 -0.618794 0.345509 1.18145 1 1.59491 6.30202 3.69214 -1.22998 4.70711
1.76 -0.265334 -0.64524 0.240176 1.22664 1 1.37834 6.0278 4.16367 -1.02952 4.64946
1.8 -0.23932 -0.662906 0.129993 1.26315 1 1.18218 5.71609 4.59151 -0.796361 4.53391
1.84 -0.214103 -0.671948 0.0166068 1.28972 1 1.00593 5.37414 4.96916 -0.531671 4.36821
1.88 -0.189944 -0.672675 -0.098243 1.30509 1 0.848876 5.00925 5.29113 -0.237262 4.16038
1.92 -0.167059 -0.665545 -0.212757 1.30815 1 0.710108 4.6286 5.55298 0.0844052 3.91849
1.96 -0.145619 -0.651141 -0.325114 1.29786 1 0.588569 4.2391 5.75152 0.430232 3.65053
2 -0.125748 -0.630157 -0.433511 1.27332 1 0.483089 3.8473 5.88476 0.796511 3.36421
2.04 -0.107531 -0.603379 -0.536199 1.23381 1 0.392413 3.45926 5.95202 1.17896 3.06685
2.08 -0.0910102 -0.571659 -0.631523 1.17878 1 0.31524 3.08044 5.95388 1.5728 2.7652
2.12 -0.0761936 -0.535897 -0.717958 1.10787 1 0.250247 2.71563 5.89221 1.97277 2.46538
2.16 -0.0630549 -0.497016 -0.794144 1.02095 1 0.196121 2.36894 5.77005 2.37327 2.17282
2.2 -0.0515402 -0.45594 -0.858913 0.918113 1 0.151578 2.0437 5.59158 2.76841 1.89213
2.24 -0.0415712 -0.413574 -0.911324 0.799703 1 0.115385 1.74251 5.36197 3.15209 1.62712
2.28 -0.0330507 -0.37078 -0.950675 0.666298 1 0.0863794 1.46717 5.08726 3.51817 1.38079
2.32 -0.0258667 -0.328366 -0.976529 0.518724 1 0.0634781 1.2188 4.7742 3.86052 1.15532
2.36 -0.0198969 -0.287061 -0.988719 0.358051 1 0.0456897 0.997801 4.4301 4.17314 0.952111
2.4 -0.0150135 -0.24751 -0.987358 0.185582 1 0.0321199 0.803961 4.06263 4.45031 0.771841
2.44 -0.0110864 -0.21026 -0.972834 0.0028426 1 0.0219748 0.636498 3.67964 4.68665 0.614523
2.48 -0.00798708 -0.175752 -0.945808 -0.188436 1 0.014561 0.494147 3.28894 4.87729 0.479586
2.52 -0.0055919 -0.144318 -0.907195 -0.38634 1 0.00928278 0.375246 2.89816 5.0179 0.365963
2.56 -0.00378422 -0.116184 -0.858149 -0.588794 1 0.00563826 0.277823 2.51454 5.10482 0.272185
2.6 -0.00245664 -0.091465 -0.800036 -0.793594 1 0.00321243 0.199688 2.14477 5.13516 0.196476
2.64 -0.00151243 -0.0701771 -0.734408 -0.998433 1 0.00166964 0.13852 1.79482 5.10682 0.136851
2.68 -0.000866413 -0.052242 -0.662965 -1.20094 1 0.00074498 0.0919516 1.46981 5.0186 0.0912066
2.72 -0.000445424 -0.0374992 -0.58752 -1.39872 1 0.000235066 0.057646 1.17391 4.87019 0.057411
2.76 -0.000188245 -0.0257176 -0.50996 -1.58937 1 -1.12425e-05 0.0333674 0.910253 4.66223 0.0333786
2.8 -4.51436e-05 -0.0166103 -0.4322 -1.77054 1 -0.000101961 0.0170371 0.680867 4.39627 0.017139
2.84 2.2927e-05 -0.00984989 -0.356146 -1.93996 1 -0.000110597 0.00678065 0.486647 4.07484 0.00689125
2.88 4.54071e-05 -0.00508403 -0.283648 -2.09548 1 -8.40351e-05 0.00096064 0.327357 3.70132 0.00104468
2.92 4.33982e-05 -0.00195198 -0.216459 -2.23511 1 -4.95163e-05 -0.00180338 0.201663 3.27996 -0.00175386
2.96 3.10429e-05 -0.000100152 -0.156198 -2.35702 1 -2.05809e-05 -0.00262837 0.107188 2.81582 -0.00260779
3 1.69356e-05 0.000802996 -0.104313 -2.45963 1 -1.93156e-06 -0.00237432 0.0405992 2.31465 -0.00237239
3.04 5.48572e-06 0.00105336 -0.0620439 -2.54158 1 6.78364e-06 -0.00166286 -0.00228175 1.78281 -0.00166964
3.08 -1.83565e-06 0.000899327 -0.0304017 -2.60178 1 8.20243e-06 -0.000906747 -0.0263458 1.22721 -0.000914949
3.12 -5.43025e-06 0.000532037 -0.0101403 -2.63943 1 5.37816e-06 -0.000348641 -0.0370457 0.655138 -0.000354019
3.16 -6.73881e-06 7.79507e-05 -0.00174121 -2.65401 1 6.48019e-07 -0.00010728 -0.04023 0.0741658 -0.000107928
3.2 -7.67897e-06 -0.000405936 -0.00540264 -2.64534 1 -4.9562e-06 -0.000228926 -0.0419675 -0.507977 -0.00022397
3.24 -1.03808e-05 -0.000934161 -0.0210348 -2.61351 1 -1.19761e-05 -0.000741801 -0.0483654 -1.08354 -0.000729825
3.28 -1.72309e-05 -0.00159206 -0.0482621 -2.55894 1 -2.27088e-05 -0.00171112 -0.0653866 -1.64489 -0.00168841
3.32 -3.12221e-05 -0.00253224 -0.0864312 -2.48235 1 -4.15426e-05 -0.00329231 -0.0986713 -2.18461 -0.00325077
3.36 -5.65895e-05 -0.00396841 -0.134626 -2.38474 1 -7.56751e-05 -0.00578012 -0.153366 -2.69568 -0.00570445
3.4 -9.97014e-05 -0.00616675 -0.191689 -2.2674 1 -0.000136426 -0.00965136 -0.233967 -3.17152 -0.00951493
3.44 -0.000170159 -0.00943494 -0.256246 -2.13185 1 -0.000241321 -0.0155992 -0.344178 -3.60616 -0.0153579
3.48 -0.000282046 -0.0141095 -0.326739 -1.97984 1 -0.000417094 -0.0245577 -0.486791 -3.99432 -0.0241406
3.52 -0.000455268 -0.0205413 -0.401458 -1.81332 1 -0.000703689 -0.0377142 -0.66359 -4.33147 -0.0370105
3.56 -0.0007169 -0.0290807 -0.478584 -1.63441 1 -0.00115931 -0.05651 -0.875281 -4.61391 -0.0553507
3.6 -0.00110246 -0.0400611 -0.556225 -1.44536 1 -0.0018665 -0.0826272 -1.12145 -4.83886 -0.0807607
3.64 -0.00165706 -0.053783 -0.632463 -1.24849 1 -0.00293913 -0.117963 -1.40055 -5.00443 -0.115024
3.68 -0.00243629 -0.0704989 -0.705394 -1.04621 1 -0.00453023 -0.164589 -1.70991 -5.10968 -0.160059
3.72 -0.00350682 -0.0903981 -0.773169 -0.840924 1 -0.00684032 -0.224702 -2.04581 -5.15462 -0.217862
3.76 -0.00494667 -0.113594 -0.834039 -0.635028 1 -0.0101262 -0.30056 -2.40352 -5.14018 -0.290434
3.8 -0.00684495 -0.14011 -0.886391 -0.43086 1 -0.0147096 -0.394408 -2.77742 -5.06818 -0.379699
3.84 -0.00930123 -0.169877 -0.928782 -0.230671 1 -0.0209857 -0.508402 -3.16112 -4.94128 -0.487416
3.88 -0.0124243 -0.202718 -0.959974 -0.0365872 1 -0.0294304 -0.644519 -3.54762 -4.76292 -0.615088
3.92 -0.0163304 -0.23835 -0.978958 0.149416 1 -0.0406075 -0.804473 -3.92946 -4.53722 -0.763865
3.96 -0.0211413 -0.276383 -0.984975 0.325539 1 -0.0551728 -0.989623 -4.29889 -4.26895 -0.93445
4 -0.0269808 -0.316321 -0.977533 0.490185 1 -0.0738779 -1.20089 -4.64808 -3.96334 -1.12701
4.04 -0.0339722 -0.357567 -0.956415 0.641973 1 -0.0975705 -1.43867 -4.9693 -3.62607 -1.3411
4.08 -0.0422343 -0.399435 -0.921685 0.779756 1 -0.127192 -1.70278 -5.25509 -3.26309 -1.57559
4.12 -0.0518773 -0.441158 -0.87368 0.902629 1 -0.163773 -1.99238 -5.49848 -2.88054 -1.8286
4.16 -0.0629987 -0.481905 -0.813008 1.00993 1 -0.208426 -2.30591 -5.69315 -2.48462 -2.09748
4.2 -0.0756786 -0.520797 -0.740526 1.10125 1 -0.26233 -2.6411 -5.83356 -2.0815 -2.37877
4.24 -0.0899752 -0.55693 -0.657324 1.17643 1 -0.32672 -2.99493 -5.91517 -1.67719 -2.66821
4.28 -0.10592 -0.589388 -0.564698 1.23552 1 -0.402865 -3.36364 -5.93447 -1.27745 -2.96077
4.32 -0.123516 -0.617272 -0.464123 1.27882 1 -0.492047 -3.74275 -5.88913 -0.887706 -3.2507
4.36 -0.142728 -0.639718 -0.357215 1.30684 1 -0.595537 -4.1271 -5.77808 -0.512936 -3.53156
4.4 -0.163486 -0.655923 -0.245699 1.32025 1 -0.714562 -4.51094 -5.60149 -0.157636 -3.79638
4.44 -0.185677 -0.665165 -0.131373 1.31992 1 -0.850283 -4.88799 -5.36084 0.17426 -4.03771
4.48 -0.209148 -0.666821 -0.0160636 1.30684 1 -1.00375 -5.25156 -5.05887 0.479422 -4.24781
4.52 -0.233697 -0.660391 0.0984089 1.28215 1 -1.17589 -5.59464 -4.69955 0.755153 -4.41876
4.56 -0.259082 -0.645511 0.210268 1.24706 1 -1.36743 -5.91009 -4.28796 0.999411 -4.54266
4.6 -0.285014 -0.62197 0.31782 1.20285 1 -1.57892 -6.19072 -3.83023 1.21081 -4.6118
4.64 -0.311162 -0.589716 0.419485 1.15087 1 -1.81066 -6.4295 -3.33339 1.38862 -4.61884
4.68 -0.337154 -0.548867 0.513829 1.09244 1 -2.06266 -6.6197 -2.80522 1.53272 -4.55704
4.72 -0.362584 -0.499714 0.599588 1.02891 1 -2.33465 -6.75503 -2.25408 1.64359 -4.42038
4.76 -0.387014 -0.442719 0.675695 0.961596 1 -2.62602 -6.82984 -1.68874 1.72227 -4.20382
4.8 -0.40998 -0.378512 0.741292 0.891746 1 -2.93581 -6.83924 -1.11817 1.77026 -3.90343
4.84 -0.430998 -0.307882 0.795747 0.82055 1 -3.2627 -6.77927 -0.551375 1.78954 -3.51657
4.88 -0.449577 -0.231761 0.838654 0.74911 1 -3.60498 -6.64701 0.0028332 1.78242 -3.04202
4.92 -0.465219 -0.151213 0.869843 0.678432 1 -3.96057 -6.44069 0.535992 1.75152 -2.48012
4.96 -0.477437 -0.0674144 0.889368 0.609408 1 -4.32698 -6.15981 1.04018 1.69966 -1.83283
5 -0.485755 0.0183749 0.897502 0.542818 1 -4.70137 -5.80517 1.5082 1.62985 -1.1038
5.04 -0.489727 0.10483 0.894723 0.479318 1 -5.08054 -5.37894 1.93366 1.54514 -0.298398
5.08 -0.48894 0.19059 0.881695 0.419443 1 -5.46095 -4.88467 2.3112 1.4486 0.576285
5.12 -0.483026 0.274288 0.859246 0.363606 1 -5.83876 -4.32726 2.6365 1.34323 1.5115
5.16 -0.471671 0.354579 0.828342 0.312103 1 -6.20985 -3.71292 2.90639 1.23193 2.49693
5.2 -0.454625 0.430165 0.790063 0.265116 1 -6.56991 -3.04914 3.1189 1.1174 3.52077
5.24 -0.431706 0.499832 0.745571 0.222726 1 -6.91442 -2.34451 3.27329 1.00214 4.56992
5.28 -0.402813 0.562468 0.69608 0.184915 1 -7.2388 -1.60865 3.37 0.888398 5.63015
5.32 -0.367924 0.617094 0.642826 0.151584 1 -7.53839 -0.852045 3.41062 0.778133 6.68635
5.36 -0.327107 0.662883 0.587039 0.122562 1 -7.80855 -0.0858544 3.39784 0.673004 7.7227
5.4 -0.280522 0.699182 0.529914 0.0976143 1 -8.04474 0.678274 3.33536 0.574359 8.72301
5.44 -0.228417 0.725524 0.472584 0.0764625 1 -8.24256 1.42842 3.22773 0.483233 9.67098
5.48 -0.171136 0.741643 0.416098 0.0587907 1 -8.39787 2.1526 3.08026 0.400355 10.5505
5.52 -0.10911 0.74748 0.361402 0.0442603 1 -8.5068 2.83901 2.89885 0.326166 11.3458
5.56 -0.0428593 0.743185 0.309318 0.0325203 1 -8.56587 3.47626 2.68983 0.260833 12.0421
5.6 0.027017 0.729116 0.260537 0.0232181 1 -8.57203 4.05357 2.45978 0.20428 12.6256
5.64 0.0998438 0.705829 0.215608 0.0160081 1 -8.52272 4.56104 2.21536 0.156219 13.0838
5.68 0.17488 0.674073 0.174933 0.0105601 1 -8.41593 4.98978 1.96315 0.116182 13.4057
5.72 0.25133 0.634768 0.138769 0.00656527 1 -8.25026 5.33219 1.70947 0.0835584 13.5825
5.76 0.328349 0.58899 0.107232 0.00374146 1 -8.02494 5.58206 1.46022 0.057632 13.607
5.8 0.405063 0.537943 0.0803066 0.0018365 1 -7.73986 5.73472 1.22075 0.0376163 13.4746
5.84 0.480576 0.482938 0.0578539 0.000630368 1 -7.39561 5.78719 0.995727 0.02269 13.1828
5.88 0.553983 0.425361 0.0396303 -6.40136e-05 1 -6.99348 5.73821 0.789033 0.0120291 12.7317
5.92 0.624391 0.366642 0.0253032 -0.000401298 1 -6.53544 5.58832 0.603688 0.00483518 12.1238
5.96 0.690925 0.308225 0.0144705 -0.000505209 1 -6.02418 5.33986 0.44179 0.000360348 11.364
6 0.752746 0.251534 0.00668154 -0.000470941 1 -5.46302 4.99695 0.304488 -0.00207376 10.46
6.04 0.809064 0.197945 0.00145822 -0.000368237 1 -4.85594 4.56543 0.191981 -0.00306144 9.42137
6.08 0.859151 0.14875 -0.00168336 -0.000244925 1 -4.2075 4.05276 0.103544 -0.00310412 8.26026
6.12 0.902352 0.105129 -0.00321236 -0.000130705 1 -3.5228 3.46788 0.0375773 -0.00260692 6.99069
6.16 0.938098 0.0681273 -0.00356378 -4.09578e-05 1 -2.80741 2.82111 -0.00831662 -0.00188042 5.62852
6.2 0.965915 0.038628 -0.00312097 1.95997e-05 1 -2.06732 2.12388 -0.0372348 -0.00114745 4.1912
6.24 0.985428 0.0173331 -0.00220055 5.36292e-05 1 -1.30883 1.38858 -0.052857 -0.000554027 2.69741
6.28 0.996374 0.00474814 -0.00104019 6.83922e-05 1 -0.538499 0.628316 -0.0593121 -0.000184123 1.16682
6.32 0.998602 0.00116997 0.000210263 7.36188e-05 1 0.236952 -0.143324 -0.0610323 -7.721e-05 -0.380277
6.36 0.992077 0.00668049 0.00149428 8.0119e-05 1 1.01073 -0.912548 -0.0625991 -0.000247798 -1.92328
6.4 0.97688 0.0211446 0.00285039 9.91947e-05 1 1.77607 -1.6656 -0.0685847 -0.000705988 -3.44167
6.44 0.953207 0.0442132 0.00441025 0.000142875 1 2.5263 -2.389 -0.0833949 -0.00147803 -4.9153
6.48 0.921367 0.0753311 0.00639299 0.000224954 1 3.25495 -3.06986 -0.111115 -0.00262593 -6.32481
6.52 0.881775 0.113749 0.00909617 0.000362774 1 3.95583 -3.69602 -0.155367 -0.00426508 -7.65185
6.56 0.834947 0.158542 0.0128835 0.00057966 1 4.62313 -4.25638 -0.219177 -0.00657918 -8.8795
6.6 0.781488 0.208629 0.0181695 0.000907871 1 5.25144 -4.74102 -0.30486 -0.00983137 -9.99246
6.64 0.722087 0.262796 0.0254024 0.00139192 1 5.83588 -5.14143 -0.413929 -0.0143713 -10.9773
6.68 0.657502 0.319726 0.0350444 0.00209209 1 6.37213 -5.45065 -0.547017 -0.0206372 -11.8228
6.72 0.588546 0.378028 0.0475513 0.0030879 1 6.85647 -5.66336 -0.703833 -0.0291529 -12.5198
6.76 0.516081 0.436265 0.0633513 0.00448135 1 7.28584 -5.77599 -0.883142 -0.0405196 -13.0618
6.8 0.440996 0.492993 0.0828239 0.00639978 1 7.65786 -5.78678 -1.08277 -0.0554019 -13.4446
6.84 0.364198 0.546785 0.106279 0.00899801 1 7.97084 -5.69578 -1.29962 -0.0745095 -13.6666
6.88 0.286596 0.596267 0.13394 0.0124597 1 8.22381 -5.50481 -1.52977 -0.0985733 -13.7286
6.92 0.209086 0.640151 0.165923 0.0169975 1 8.41648 -5.21745 -1.76852 -0.128318 -13.6339
6.96 0.132541 0.677256 0.202227 0.0228525 1 8.54927 -4.8389 -2.0105 -0.164431 -13.3882
7 0.0577933 0.706542 0.242717 0.0302917 1 8.62325 -4.3759 -2.24984 -0.207529 -12.9992
7.04 -0.0143721 0.727127 0.287124 0.0396047 1 8.64013 -3.83657 -2.48024 -0.258123 -12.4767
7.08 -0.0832324 0.738307 0.335032 0.0510988 1 8.60219 -3.2302 -2.69521 -0.316583 -11.8324
7.12 -0.148134 0.739571 0.385887 0.0650925 1 8.51226 -2.56711 -2.88817 -0.383103 -11.0794
7.16 -0.208503 0.730614 0.438996 0.081908 1 8.37364 -1.85841 -3.05268 -0.45767 -10.232
7.2 -0.263848 0.711338 0.493535 0.101862 1 8.19003 -1.11577 -3.18254 -0.540033 -9.3058
7.24 -0.313767 0.681856 0.548567 0.125256 1 7.96551 -0.351204 -3.27204 -0.629682 -8.31672
7.28 -0.357952 0.642488 0.603056 0.152366 1 7.70441 0.423154 -3.31607 -0.725822 -7.28126
7.32 -0.396185 0.593752 0.655884 0.18343 1 7.41128 1.19531 -3.31028 -0.827367 -6.21597
7.36 -0.428345 0.536354 0.70588 0.218636 1 7.09078 1.95359 -3.25123 -0.932934 -5.13719
7.4 -0.4544 0.471165 0.751843 0.258112 1 6.74766 2.68691 -3.13646 -1.04084 -4.06075
7.44 -0.474406 0.399211 0.79257 0.301911 1 6.38663 3.38489 -2.96464 -1.14912 -3.00174
7.48 -0.488502 0.321639 0.826887 0.350005 1 6.01234 4.03809 -2.73556 -1.25555 -1.97425
7.52 -0.496902 0.2397 0.853676 0.402269 1 5.62932 4.63814 -2.45025 -1.35767 -0.991178
7.56 -0.499891 0.154716 0.871906 0.458478 1 5.24186 5.17785 -2.11091 -1.4528 -0.0640132
7.6 -0.497814 0.0680537 0.880663 0.518297 1 4.85405 5.65132 -1.72093 -1.53813 0.797271
7.64 -0.491067 -0.0189044 0.879173 0.581275 1 4.46967 6.05402 -1.28484 -1.61076 1.58435
7.68 -0.480091 -0.104791 0.866828 0.646845 1 4.09218 6.38278 -0.808216 -1.66773 2.29061
7.72 -0.465356 -0.188282 0.843211 0.714321 1 3.72468 6.63587 -0.297581 -1.70611 2.91119
7.76 -0.447356 -0.26812 0.808105 0.782905 1 3.36991 6.81289 0.239719 -1.72306 3.44298
7.8 -0.426599 -0.343145 0.761512 0.851684 1 3.0302 6.9148 0.795671 -1.71591 3.8846
7.84 -0.403595 -0.412311 0.703661 0.919647 1 2.7075 6.94379 1.36175 -1.68223 4.23629
7.88 -0.378848 -0.474709 0.635006 0.98569 1 2.40336 6.90322 1.92913 -1.6199 4.49986
7.92 -0.352849 -0.52958 0.55623 1.04863 1 2.11895 6.79747 2.48881 -1.52716 4.67852
7.96 -0.326065 -0.576328 0.468233 1.10723 1 1.85506 6.63183 3.03189 -1.40271 4.77677
8 -0.298936 -0.614528 0.372118 1.1602 1 1.61212 6.41231 3.54968 -1.24573 4.80019
8.04 -0.271869 -0.643931 0.26918 1.20623 1 1.39025 6.14554 4.03397 -1.05596 4.75529
8.08 -0.245228 -0.66446 0.160874 1.24402 1 1.18925 5.83856 4.47714 -0.833742 4.64931
8.12 -0.219339 -0.67621 0.0487941 1.2723 1 1.00867 5.49868 4.87235 -0.580009 4.49001
8.16 -0.194481 -0.679437 -0.0653601 1.28983 1 0.847818 5.13331 5.21371 -0.296353 4.28549
8.2 -0.170886 -0.674548 -0.179816 1.29545 1 0.705799 4.74978 5.49637 0.0149971 4.04398
8.24 -0.148741 -0.662088 -0.292767 1.28813 1 0.581559 4.35524 5.71663 0.351176 3.77368
8.28 -0.128186 -0.642718 -0.402406 1.26693 1 0.473917 3.95648 5.87204 0.708701 3.48256
8.32 -0.109318 -0.617199 -0.506967 1.23109 1 0.381599 3.55984 5.9614 1.08351 3.17824
8.36 -0.0921915 -0.586371 -0.604765 1.18 1 0.303271 3.1711 5.98481 1.47102 2.86783
8.4 -0.0768223 -0.55113 -0.694227 1.11325 1 0.237575 2.79538 5.94365 1.86617 2.55781
8.44 -0.063192 -0.512402 -0.773935 1.03066 1 0.183152 2.43711 5.8405 2.2635 2.25396
8.48 -0.0512515 -0.471128 -0.842651 0.932246 1 0.138667 2.09995 5.67912 2.65724 1.96129
8.52 -0.0409256 -0.428234 -0.899348 0.818272 1 0.102838 1.78681 5.46431 3.04142 1.68397
8.56 -0.0321178 -0.384613 -0.943238 0.689245 1 0.0744457 1.49981 5.20181 3.40993 1.42537
8.6 -0.024715 -0.341109 -0.973783 0.545913 1 0.0523547 1.24032 4.89812 3.75667 1.18797
8.64 -0.0185923 -0.298495 -0.990717 0.389267 1 0.0355211 1.00899 4.56038 4.07564 0.97347
8.68 -0.0136173 -0.257462 -0.994048 0.220533 1 0.0230011 0.805807 4.19615 4.36104 0.782806
8.72 -0.00965435 -0.218606 -0.984061 0.0411643 1 0.0139554 0.630148 3.81325 4.60742 0.616193
8.76 -0.00656838 -0.18242 -0.961315 -0.147179 1 0.00764959 0.480867 3.41956 4.80975 0.473217
8.8 -0.00422819 -0.149287 -0.926629 -0.342645 1 0.00345294 0.356372 3.02284 4.96354 0.352919
8.84 -0.00250929 -0.119482 -0.88107 -0.543214 1 0.000834071 0.254719 2.63054 5.06494 0.253884
8.88 -0.00129625 -0.0931677 -0.825926 -0.74673 1 -0.000645153 0.173699 2.2496 5.11082 0.174344
8.92 -0.000484359 -0.0704025 -0.762679 -0.950923 1 -0.00133728 0.110934 1.88633 5.09882 0.112271
8.96 1.91511e-05 -0.0511462 -0.692976 -1.15345 1 -0.00151811 0.0639603 1.54624 5.02746 0.0654784
9 0.000294458 -0.0352698 -0.618589 -1.35192 1 -0.00139621 0.0303142 1.23392 4.89615 0.0317104
9.04 0.000409003 -0.0225672 -0.541381 -1.54395 1 -0.00112277 0.00760382 0.952965 4.7052 0.00872659
9.08 0.000417792 -0.0127687 -0.463258 -1.72717 1 -0.000801394 -0.00642521 0.705869 4.45589 -0.00562381
9.12 0.000364073 -0.00555632 -0.386134 -1.89929 1 -0.000497481 -0.0138376 0.494013 4.15041 -0.0133401
9.16 0.000280336 -0.000579462 -0.311881 -2.05814 1 -0.000246998 -0.0164679 0.317639 3.79187 -0.0162209
9.2 0.000189547 0.002529 -0.242293 -2.20166 1 -6.43535e-05 -0.0158939 0.175872 3.38425 -0.0158295
9.24 0.00010654 0.00413653 -0.179044 -2.32799 1 5.07361e-05 -0.0134229 0.0667648 2.93234 -0.0134736
9.28 3.94812e-05 0.00459556 -0.123647 -2.43547 1 0.000107495 -0.010092 -0.0126234 2.44165 -0.0101995
9.32 -8.67304e-06 0.00422918 -0.0774253 -2.52267 1 0.00011947 -0.00668045 -0.0661306 1.91837 -0.00679992
9.36 -3.87986e-05 0.0033184 -0.0414778 -2.58843 1 0.000101018 -0.00373401 -0.0983655 1.36923 -0.00383503
9.4 -5.43758e-05 0.00209128 -0.0166573 -2.63184 1 6.48006e-05 -0.00159922 -0.114564 0.801396 -0.00166402
9.44 -6.04672e-05 0.000714423 -0.00354961 -2.65231 1 2.01609e-05 -0.000466211 -0.120431 0.222362 -0.000486372
9.48 -6.29497e-05 -0.000713155 -0.00246067 -2.64956 1 -2.78115e-05 -0.00041784 -0.121963 -0.360183 -0.000390029
9.52 -6.80323e-05 -0.00216336 -0.0134094 -2.62358 1 -7.87245e-05 -0.00148295 -0.125276 -0.938483 -0.00140423
9.56 -8.20786e-05 -0.00367963 -0.0361273 -2.57472 1 -0.000137073 -0.00369146 -0.136414 -1.50485 -0.00355439
9.6 -0.000111739 -0.00537475 -0.0700644 -2.50359 1 -0.00021241 -0.00712886 -0.161176 -2.05178 -0.00691645
9.64 -0.000164383 -0.00742586 -0.114402 -2.41111 1 -0.00031974 -0.0119876 -0.204937 -2.5721 -0.0116679
9.68 -0.000248801 -0.0100671 -0.168069 -2.29848 1 -0.000480345 -0.0186136 -0.272486 -3.05909 -0.0181333
9.72 -0.000376144 -0.0135794 -0.22977 -2.16717 1 -0.000723262 -0.0275446 -0.367875 -3.50655 -0.0268214
9.76 -0.000561046 -0.0182792 -0.298011 -2.01886 1 -0.00108755 -0.0395404 -0.494296 -3.90896 -0.0384528
9.8 -0.000822867 -0.0245043 -0.371135 -1.85545 1 -0.00162548 -0.055601 -0.653969 -4.26152 -0.0539756
9.84 -0.00118699 -0.0325992 -0.447358 -1.67902 1 -0.00240672 -0.0769742 -0.848063 -4.56028 -0.0745675
9.88 -0.00168609 -0.0428997 -0.524808 -1.49177 1 -0.00352349 -0.105149 -1.07664 -4.80213 -0.101625
9.92 -0.00236131 -0.0557166 -0.601572 -1.29603 1 -0.00509672 -0.141836 -1.33864 -4.98488 -0.136739
9.96 -0.00326322 -0.0713202 -0.675731 -1.09418 1 -0.00728299 -0.188937 -1.63187 -5.1073 -0.181654
10 -0.00445259 -0.0899251 -0.745411 -0.888656 1 -0.0102821 -0.248498 -1.95304 -5.16909 -0.238216
10.04 -0.00600072 -0.111676 -0.808818 -0.681856 1 -0.0143454 -0.322652 -2.29785 -5.17088 -0.308307
10.08 -0.0079895 -0.136637 -0.864281 -0.476154 1 -0.0197834 -0.413556 -2.66106 -5.11422 -0.393773
10.12 -0.0105109 -0.164778 -0.910288 -0.273839 1 -0.0269745 -0.523311 -3.0366 -5.00152 -0.496336
10.16 -0.0136661 -0.195972 -0.945517 -0.0770892 1 -0.0363722 -0.653882 -3.41772 -4.83598 -0.61751
10.2 -0.0175639 -0.229984 -0.968871 0.112062 1 -0.0485114 -0.807013 -3.79715 -4.62155 -0.758501
10.24 -0.022319 -0.266474 -0.979492 0.291749 1 -0.0640139 -0.984138 -4.16727 -4.36281 -0.920124
10.28 -0.028049 -0.304997 -0.976786 0.460303 1 -0.0835921 -1.1863 -4.52029 -4.0649 -1.1027
10.32 -0.0348721 -0.345005 -0.960433 0.616269 1 -0.10805 -1.41405 -4.84842 -3.73338 -1.306
10.36 -0.0429032 -0.385857 -0.930391 0.75842 1 -0.138281 -1.66741 -5.14412 -3.37417 -1.52913
10.4 -0.0522501 -0.426828 -0.886897 0.885772 1 -0.175267 -1.94577 -5.40022 -2.99341 -1.7705
10.44 -0.0630095 -0.467121 -0.830462 0.997586 1 -0.220069 -2.24786 -5.61012 -2.59733 -2.02779
10.48 -0.0752628 -0.50589 -0.761853 1.09338 1 -0.273816 -2.57169 -5.76799 -2.19217 -2.29787
10.52 -0.0890714 -0.542246 -0.682081 1.1729 1 -0.337693 -2.91455 -5.86889 -1.78405 -2.57686
10.56 -0.104473 -0.57529 -0.592372 1.23616 1 -0.412924 -3.27301 -5.90889 -1.37886 -2.86009
10.6 -0.121475 -0.604126 -0.494144 1.28338 1 -0.50075 -3.6429 -5.88521 -0.982197 -3.14215
10.64 -0.140055 -0.627883 -0.38897 1.31501 1 -0.602408 -4.01939 -5.79627 -0.599231 -3.41698
10.68 -0.160153 -0.645744 -0.278547 1.33169 1 -0.719099 -4.39702 -5.64176 -0.234668 -3.67792
10.72 -0.181669 -0.656961 -0.164656 1.33423 1 -0.851966 -4.76979 -5.42265 0.107336 -3.91782
10.76 -0.204464 -0.660879 -0.0491277 1.32362 1 -1.00206 -5.13124 -5.14121 0.423216 -4.12918
10.8 -0.228354 -0.656956 0.0662027 1.30096 1 -1.17029 -5.47458 -4.80091 0.710042 -4.30428
10.84 -0.25311 -0.644779 0.179529 1.26745 1 -1.35744 -5.79279 -4.40643 0.965535 -4.43535
10.88 -0.278463 -0.62408 0.289113 1.22437 1 -1.56406 -6.07882 -3.96351 1.18808 -4.51475
10.92 -0.304099 -0.594749 0.39332 1.17308 1 -1.79051 -6.32565 -3.47883 1.37674 -4.53515
10.96 -0.329664 -0.556839 0.490649 1.11492 1 -2.03685 -6.52654 -2.95993 1.53118 -4.48969
11 -0.354767 -0.510574 0.579763 1.05126 1 -2.30289 -6.67512 -2.41495 1.65171 -4.37222
11.04 -0.378985 -0.456351 0.659512 0.983442 1 -2.5881 -6.76557 -1.85255 1.73921 -4.17747
11.08 -0.40187 -0.394733 0.728952 0.912757 1 -2.89162 -6.79282 -1.28164 1.79506 -3.9012
11.12 -0.42295 -0.326446 0.787361 0.840433 1 -3.21223 -6.75261 -0.711258 1.82112 -3.54038
11.16 -0.441741 -0.252364 0.834245 0.767618 1 -3.54834 -6.64171 -0.150326 1.81963 -3.09337
11.2 -0.457755 -0.173499 0.869343 0.695362 1 -3.89797 -6.45796 0.392515 1.79316 -2.55999
11.24 -0.470507 -0.090981 0.892628 0.624608 1 -4.25879 -6.20045 0.909099 1.74454 -1.94166
11.28 -0.479524 -0.00603328 0.904294 0.556182 1 -4.62807 -5.86953 1.3919 1.67677 -1.24146
11.32 -0.484355 0.0800466 0.904748 0.490788 1 -5.00273 -5.46689 1.8342 1.59294 -0.464158
11.36 -0.484583 0.165916 0.894593 0.429006 1 -5.37936 -4.99558 2.23019 1.49619 0.383782
11.4 -0.47983 0.250212 0.874605 0.37129 1 -5.75423 -4.46001 2.57511 1.38961 1.29422
11.44 -0.469769 0.331586 0.845711 0.317974 1 -6.12334 -3.86591 2.86534 1.27619 2.25743
11.48 -0.454134 0.408725 0.808965 0.269274 1 -6.48246 -3.22029 3.09843 1.15878 3.26217
11.52 -0.432724 0.480386 0.765513 0.225299 1 -6.82719 -2.53132 3.27315 1.03999 4.29587
11.56 -0.405415 0.54542 0.716566 0.186055 1 -7.15297 -1.80821 3.38946 0.922207 5.34476
11.6 -0.372162 0.602801 0.663373 0.15146 1 -7.45522 -1.06111 3.44853 0.80754 6.39411
11.64 -0.333007 0.651645 0.607185 0.121354 1 -7.72932 -0.300895 3.45264 0.697788 7.42842
11.68 -0.28808 0.691235 0.54923 0.0955092 1 -7.97074 0.461012 3.4051 0.594438 8.43175
11.72 -0.237603 0.721035 0.490685 0.0736473 1 -8.17507 1.21283 3.31018 0.498654 9.3879
11.76 -0.181887 0.740705 0.43265 0.0554485 1 -8.33813 1.94264 3.17293 0.411288 10.2808
11.8 -0.121337 0.750108 0.376129 0.040565 1 -8.45599 2.63862 2.99907 0.332884 11.0946
11.84 -0.056443 0.749316 0.322008 0.0286334 1 -8.5251 3.28928 2.7948 0.2637 11.8144
11.88 0.0122225 0.738608 0.271046 0.0192846 1 -8.54228 3.88366 2.56668 0.203736 12.4259
11.92 0.0840099 0.718468 0.223857 0.0121548 1 -8.50488 4.41159 2.3214 0.152755 12.9165
11.96 0.158201 0.689573 0.180913 0.00689324 1 -8.41073 4.86387 2.06565 0.110325 13.2746
12 0.234019 0.652778 0.142536 0.00316969 1 -8.25827 5.23246 1.80591 0.0758526 13.4907
12.04 0.310638 0.609101 0.108904 0.000680283 1 -8.04656 5.51071 1.54833 0.0486176 13.5573
12.08 0.387195 0.559701 0.0800549 -0.000848342 1 -7.77532 5.69341 1.29855 0.0278136 13.4687
12.12 0.462801 0.505849 0.055899 -0.00165628 1 -7.44492 5.77704 1.06157 0.0125832 13.222
12.16 0.53656 0.448905 0.0362325 -0.00194899 1 -7.05647 5.75973 0.841674 0.00205215 12.8162
12.2 0.607574 0.390284 0.0207529 -0.00189724 1 -6.61174 5.64143 0.642274 -0.00463933 12.2532
12.24 0.674964 0.331427 0.00907839 -0.00163826 1 -6.11321 5.42386 0.465899 -0.00830968 11.5371
12.28 0.737883 0.273768 0.000768057 -0.0012778 1 -5.56404 5.11054 0.314133 -0.00971355 10.6746
12.32 0.795526 0.218704 -0.00465693 -0.000893035 1 -4.968 4.70672 0.1876 -0.00952457 9.67472
12.36 0.847148 0.167559 -0.0076917 -0.000536075 1 -4.32949 4.2193 0.0859859 -0.00832342 8.54879
12.4 0.892072 0.121559 -0.00882647 -0.000237776 1 -3.65345 3.65674 0.00807296 -0.00659155 7.31019
12.44 0.929702 0.0818028 -0.00852639 -1.17416e-05 1 -2.94532 3.02889 -0.0481918 -0.00471018 5.97421
12.48 0.959536 0.0492358 -0.00721301 0.000141753 1 -2.21097 2.34681 -0.0856085 -0.00296454 4.55778
12.52 0.98117 0.0246303 -0.00524797 0.000232098 1 -1.45661 1.62258 -0.107615 -0.00155271 3.0792
12.56 0.994305 0.00856736 -0.00291933 0.000275122 1 -0.688744 0.869091 -0.11816 -0.000598513 1.55783
12.6 0.998757 0.00142335 -0.000431044 0.000290448 1 0.0859638 0.099773 -0.121561 -0.00016776 0.0138092
12.64 0.994455 0.00336179 0.00210416 0.000299541 1 0.86073 -0.671623 -0.122354 -0.000286904 -1.53235
12.68 0.981447 0.0143293 0.00466833 0.000324544 1 1.62877 -1.4313 -0.125137 -0.000963229 -3.06006
12.72 0.959892 0.0340569 0.00733807 0.00038792 1 2.38337 -2.16565 -0.134411 -0.00220556 -4.54902
12.76 0.930068 0.0620657 0.0102807 0.000512921 1 3.118 -2.86156 -0.154424 -0.00404453 -5.97956
12.8 0.892358 0.097678 0.0137467 0.00072484 1 3.82638 -3.50659 -0.189021 -0.0065514 -7.33297
12.84 0.847248 0.140032 0.0180591 0.00105296 1 4.50257 -4.08924 -0.24151 -0.00985448 -8.5918
12.88 0.795319 0.188103 0.0235994 0.0015331 1 5.14104 -4.59916 -0.314539 -0.0141524 -9.7402
12.92 0.737236 0.240723 0.0307913 0.00221062 1 5.73674 -5.02734 -0.40999 -0.0197236 -10.7641
12.96 0.67374 0.296611 0.0400823 0.0031437 1 6.28519 -5.36627 -0.528901 -0.0269307 -11.6515
13 0.60563 0.354397 0.0519238 0.00440673 1 6.78249 -5.61004 -0.671402 -0.0362209 -12.3925
13.04 0.533758 0.412659 0.0667496 0.00609355 1 7.22537 -5.75448 -0.836688 -0.0481199 -12.9798
13.08 0.459008 0.469949 0.0849556 0.00832039 1 7.61126 -5.79721 -1.02301 -0.0632219 -13.4085
13.12 0.382286 0.524828 0.106879 0.0112283 1 7.93827 -5.73767 -1.2277 -0.0821733 -13.6759
13.16 0.304505 0.575899 0.132777 0.0149848 1 8.20523 -5.57709 -1.4472 -0.105652 -13.7823
13.2 0.226571 0.621835 0.162813 0.0197847 1 8.41166 -5.31846 -1.67718 -0.134342 -13.7301
13.24 0.149367 0.66141 0.197036 0.0258496 1 8.55779 -4.96648 -1.91257 -0.168906 -13.5243
13.28 0.0737449 0.693528 0.235372 0.0334268 1 8.64451 -4.5274 -2.14774 -0.20995 -13.1719
13.32 0.000507864 0.717243 0.277612 0.0427857 1 8.67337 -4.0089 -2.37661 -0.257995 -12.6823
13.36 -0.0695979 0.731781 0.323409 0.0542143 1 8.64652 -3.41996 -2.59278 -0.313437 -12.0665
13.4 -0.135894 0.736558 0.372274 0.0680134 1 8.56664 -2.77061 -2.78975 -0.376517 -11.3373
13.44 -0.197777 0.731188 0.423579 0.0844895 1 8.43695 -2.07176 -2.96102 -0.447286 -10.5087
13.48 -0.254727 0.715496 0.476567 0.103947 1 8.26106 -1.33499 -3.10035 -0.525574 -9.59604
13.52 -0.306314 0.689518 0.530358 0.126677 1 8.04298 -0.57227 -3.20183 -0.610967 -8.61525
13.56 -0.352199 0.653497 0.583967 0.152953 1 7.78701 0.204208 -3.26013 -0.702783 -7.58281
13.6 -0.392134 0.607879 0.636324 0.183009 1 7.49769 0.982308 -3.2706 -0.80006 -6.51538
13.64 -0.425971 0.553306 0.686291 0.217041 1 7.17969 1.75016 -3.22945 -0.901542 -5.42953
13.68 -0.453649 0.49059 0.732693 0.255186 1 6.83778 2.49637 -3.13383 -1.00568 -4.34141
13.72 -0.4752 0.420707 0.77434 0.297513 1 6.47674 3.21025 -2.98197 -1.11066 -3.26649
13.76 -0.490739 0.344766 0.810059 0.344014 1 6.10127 3.88193 -2.77321 -1.21438 -2.21934
13.8 -0.500463 0.263987 0.83872 0.394591 1 5.71599 4.50263 -2.50808 -1.3145 -1.21336
13.84 -0.504639 0.179673 0.85927 0.449051 1 5.3253 5.06466 -2.18833 -1.40848 -0.260642
13.88 -0.503597 0.0931855 0.870757 0.507092 1 4.9334 5.56165 -1.81686 -1.4936 0.628253
13.92 -0.497726 0.00590972 0.872361 0.568305 1 4.54419 5.98855 -1.39777 -1.56705 1.44437
13.96 -0.487458 -0.0807713 0.863415 0.632165 1 4.16124 6.34171 -0.9362 -1.62594 2.18047
14 -0.473262 -0.165507 0.843435 0.698031 1 3.78781 6.61887 -0.438307 -1.66737 2.83106
14.04 -0.455633 -0.247005 0.812127 0.765149 1 3.42674 6.8192 0.0888878 -1.68853 3.39245
14.08 -0.435081 -0.324061 0.769415 0.832654 1 3.08052 6.9432 0.637632 -1.68674 3.86268
14.12 -0.412124 -0.395577 0.715438 0.89958 1 2.75121 6.99269 1.1996 -1.65953 4.24148
14.16 -0.387277 -0.460585 0.650564 0.964864 1 2.44048 6.97067 1.76608 -1.6047 4.53019
14.2 -0.361041 -0.518263 0.575388 1.02737 1 2.14961 6.88124 2.32813 -1.52041 4.73163
14.24 -0.333899 -0.56795 0.490723 1.08588 1 1.87949 6.72945 2.8768 -1.40522 4.84996
14.28 -0.306307 -0.609153 0.397592 1.13915 1 1.63064 6.52116 3.40332 -1.25819 4.89053
14.32 -0.278688 -0.641554 0.297212 1.18589 1 1.40325 6.2629 3.89927 -1.07886 4.85966
14.36 -0.251426 -0.665012 0.190973 1.22481 1 1.19719 5.96168 4.35679 -0.867384 4.76449
14.4 -0.224863 -0.67956 0.080412 1.25465 1 1.01206 5.62484 4.76873 -0.624495 4.61278
14.44 -0.199296 -0.685395 -0.0328172 1.27417 1 0.847185 5.25987 5.12881 -0.35156 4.41268
14.48 -0.174977 -0.682874 -0.146975 1.28221 1 0.701704 4.87425 5.43178 -0.0505804 4.17255
14.52 -0.152108 -0.672496 -0.260271 1.27771 1 0.574565 4.47534 5.67348 0.275808 3.90077
14.56 -0.130845 -0.654887 -0.370904 1.25971 1 0.464581 4.07016 5.85096 0.624353 3.60558
14.6 -0.111298 -0.630782 -0.477097 1.2274 1 0.37046 3.66533 5.96253 0.991215 3.29487
14.64 -0.093534 -0.601002 -0.577138 1.18013 1 0.290841 3.26693 6.00779 1.37201 2.97609
14.68 -0.0775798 -0.566434 -0.669415 1.11745 1 0.224329 2.88041 5.98762 1.76186 2.65608
14.72 -0.0634245 -0.528007 -0.752454 1.03911 1 0.16952 2.51053 5.90415 2.15549 2.34101
14.76 -0.051025 -0.486671 -0.824952 0.945051 1 0.125034 2.1613 5.7607 2.54726 2.03626
14.8 -0.0403099 -0.443371 -0.885805 0.83548 1 0.0895316 1.83593 5.56168 2.9313 1.74639
14.84 -0.0311843 -0.39903 -0.934136 0.710822 1 0.0617417 1.53686 5.31248 3.30159 1.47512
14.88 -0.0235349 -0.354525 -0.969313 0.571749 1 0.0404722 1.26575 5.01935 3.65205 1.22528
14.92 -0.0172345 -0.310669 -0.990971 0.419174 1 0.0246251 1.02351 4.68921 3.97669 0.998884
14.96 -0.0121469 -0.268199 -0.999014 0.254248 1 0.0132044 0.81034 4.32948 4.26966 0.797135
15 -0.00813126 -0.22776 -0.993623 0.0783456 1 0.00532225 0.625803 3.94795 4.52544 0.620481
15.04 -0.00504597 -0.189895 -0.975256 -0.106941 1 0.000200233 0.468889 3.55251 4.73887 0.468689
15.08 -0.00275256 -0.15504 -0.944634 -0.299824 1 -0.00283107 0.3381 3.15102 4.90531 0.340931
15.12 -0.00111865 -0.123519 -0.902732 -0.498345 1 -0.00433582 0.231536 2.7511 5.02072 0.235872
15.16 -2.05743e-05 -0.0955452 -0.850756 -0.700394 1 -0.00477864 0.146994 2.35995 5.08175 0.151772
15.2 0.000654618 -0.0712208 -0.790115 -0.903745 1 -0.00453219 0.0820521 1.98417 5.08579 0.0865843
15.24 0.00100768 -0.0505464 -0.722397 -1.10608 1 -0.00388605 0.0341685 1.62964 5.03108 0.0380545
15.28 0.0011263 -0.0334276 -0.649329 -1.30504 1 -0.00305656 0.000763446 1.30136 4.91675 0.00382001
15.32 0.00108471 -0.0196864 -0.572742 -1.49823 1 -0.00219714 -0.0206995 1.00337 4.74282 -0.0185024
15.36 0.000943817 -0.00907402 -0.494527 -1.68329 1 -0.00140865 -0.0326439 0.738633 4.51025 -0.0312352
15.4 0.000751743 -0.00128558 -0.4166 -1.85792 1 -0.000749582 -0.0373206 0.509009 4.22094 -0.036571
15.44 0.000544711 0.00402439 -0.340849 -2.01989 1 -0.000245647 -0.036761 0.315221 3.8777 -0.0365154
15.48 0.000348236 0.00722575 -0.269104 -2.16713 1 0.000101443 -0.032743 0.156863 3.48422 -0.0328445
15.52 0.000178497 0.00869648 -0.203085 -2.29771 1 0.000306185 -0.0267705 0.0324339 3.04503 -0.0270766
15.56 4.38432e-05 0.00880684 -0.144368 -2.40992 1 0.00039261 -0.0200664 -0.060601 2.56541 -0.020459
15.6 -5.36793e-05 0.00790439 -0.0943531 -2.50226 1 0.000388786 -0.0135796 -0.125716 2.05133 -0.0139684
15.64 -0.000116831 0.00630045 -0.0542246 -2.57347 1 0.000322509 -0.0080028 -0.167213 1.50935 -0.00832531
15.68 -0.000151803 0.00425824 -0.0249309 -2.62259 1 0.00021809 -0.00380242 -0.190083 0.946488 -0.00402051
15.72 -0.00016702 0.00198321 -0.00715989 -2.64892 1 9.41633e-05 -0.00125741 -0.199854 0.370153 -0.00135157
15.76 -0.000172174 -0.000384266 -0.00132424 -2.65208 1 -3.76821e-05 -0.000505523 -0.202425 -0.212024 -0.000467841
15.8 -0.000177525 -0.00277355 -0.00755148 -2.63199 1 -0.000173611 -0.00159491 -0.203882 -0.792296 -0.0014213
15.84 -0.000193508 -0.0051857 -0.0256812 -2.58889 1 -0.000317832 -0.00453871 -0.210325 -1.36294 -0.00422088
15.88 -0.00023064 -0.00769254 -0.0552684 -2.5233 1 -0.000482699 -0.00937018 -0.227678 -1.91637 -0.00888748
15.92 -0.000299743 -0.0104331 -0.0955935 -2.43607 1 -0.00068886 -0.0161961 -0.261515 -2.44531 -0.0155073
15.96 -0.000412449 -0.0136071 -0.145679 -2.32831 1 -0.000965691 -0.025246 -0.316892 -2.94285 -0.0242804
16 -0.000581967 -0.0174665 -0.204309 -2.2014 1 -0.00135222 -0.0369151 -0.39819 -3.40262 -0.0355628
16.04 -0.000824056 -0.0223045 -0.270061 -2.05697 1 -0.00189875 -0.0517985 -0.508978 -3.81886 -0.0498997
16.08 -0.00115816 -0.0284423 -0.341335 -1.89686 1 -0.00266924 -0.0707163 -0.651899 -4.18653 -0.0680471
16.12 -0.00160864 -0.0362155 -0.416387 -1.7231 1 -0.0037447 -0.0947265 -0.828576 -4.50137 -0.0909818
16.16 -0.002206 -0.0459585 -0.493375 -1.53787 1 -0.00522747 -0.125125 -1.03955 -4.76001 -0.119898
16.2 -0.00298808 -0.0579887 -0.570393 -1.34348 1 -0.00724641 -0.163436 -1.28422 -4.95994 -0.15619
16.24 -0.00400107 -0.0725908 -0.645519 -1.14228 1 -0.00996311 -0.211382 -1.5609 -5.09963 -0.201419
16.28 -0.0053004 -0.0900013 -0.716854 -0.936722 1 -0.0135786 -0.27085 -1.86675 -5.17845 -0.257271
16.32 -0.00695121 -0.110394 -0.782568 -0.729218 1 -0.0183408 -0.343839 -2.19789 -5.19677 -0.325498
16.36 -0.00902856 -0.133868 -0.840936 -0.522166 1 -0.0245522 -0.4324 -2.54949 -5.15584 -0.407847
16.4 -0.0116172 -0.160434 -0.890381 -0.317893 1 -0.0325773 -0.538563 -2.91582 -5.0578 -0.505985
16.44 -0.0148107 -0.190009 -0.929506 -0.118624 1 -0.0428498 -0.664262 -3.29041 -4.90563 -0.621412
16.48 -0.0187108 -0.222409 -0.957123 0.0735496 1 -0.0558797 -0.811252 -3.66621 -4.70306 -0.755373
16.52 -0.0234248 -0.257341 -0.97228 0.256701 1 -0.0722579 -0.981022 -4.03576 -4.4545 -0.908764
16.56 -0.0290641 -0.294411 -0.974283 0.429089 1 -0.0926604 -1.17471 -4.39133 -4.16494 -1.08205
16.6 -0.0357414 -0.333121 -0.962707 0.589185 1 -0.11785 -1.39301 -4.72513 -3.83986 -1.27516
16.64 -0.043567 -0.372876 -0.937406 0.735685 1 -0.148678 -1.63613 -5.02954 -3.48511 -1.48746
16.68 -0.052646 -0.412994 -0.898514 0.867523 1 -0.186076 -1.90368 -5.29722 -3.10681 -1.7176
16.72 -0.0630737 -0.452718 -0.846442 0.983883 1 -0.231056 -2.19464 -5.52136 -2.71121 -1.96358
16.76 -0.0749319 -0.49123 -0.781866 1.0842 1 -0.2847 -2.5073 -5.69581 -2.3046 -2.2226
16.8 -0.0882844 -0.527669 -0.705711 1.16816 1 -0.348142 -2.83925 -5.81529 -1.89321 -2.49111
16.84 -0.103173 -0.56115 -0.619131 1.23568 1 -0.422562 -3.18738 -5.87546 -1.48306 -2.76481
16.88 -0.119612 -0.590784 -0.523479 1.28694 1 -0.509159 -3.54783 -5.87308 -1.07988 -3.03867
16.92 -0.137588 -0.615701 -0.420281 1.32232 1 -0.609133 -3.9161 -5.8061 -0.689049 -3.30697
16.96 -0.157049 -0.635069 -0.311199 1.34241 1 -0.723659 -4.28703 -5.67373 -0.315466 -3.56337
17 -0.17791 -0.648122 -0.197996 1.34799 1 -0.853858 -4.65489 -5.47642 0.0364889 -3.80103
17.04 -0.200044 -0.654175 -0.0824934 1.34 1 -1.00077 -5.01348 -5.21594 0.363021 -4.01271
17.08 -0.223283 -0.652647 0.0334602 1.31952 1 -1.16532 -5.35622 -4.8953 0.660962 -4.19091
17.12 -0.247414 -0.643081 0.148035 1.28774 1 -1.34828 -5.67629 -4.51873 0.927796 -4.32801
17.16 -0.272185 -0.625154 0.259454 1.24595 1 -1.55025 -5.96672 -4.09155 1.16168 -4.41647
17.2 -0.297298 -0.598698 0.366031 1.19549 1 -1.77161 -6.22058 -3.62012 1.36143 -4.44897
17.24 -0.322417 -0.563705 0.466203 1.13773 1 -2.01249 -6.43111 -3.11164 1.52654 -4.41862
17.28 -0.347168 -0.520334 0.558562 1.07406 1 -2.27276 -6.59189 -2.57407 1.65712 -4.31913
17.32 -0.371145 -0.468914 0.641877 1.00584 1 -2.55197 -6.697 -2.01587 1.75386 -4.14503
17.36 -0.393911 -0.409943 0.71512 0.934402 1 -2.84935 -6.74115 -1.4459 1.81801 -3.8918
17.4 -0.415008 -0.344083 0.777479 0.861015 1 -3.16378 -6.71985 -0.873193 1.85132 -3.55608
17.44 -0.433964 -0.272148 0.828371 0.78687 1 -3.49377 -6.62956 -0.306738 1.85595 -3.13579
17.48 -0.450298 -0.195096 0.867445 0.713063 1 -3.83749 -6.46778 0.24467 1.8344 -2.6303
17.52 -0.463529 -0.114007 0.894588 0.640585 1 -4.19269 -6.23319 0.772646 1.78948 -2.04049
17.56 -0.473186 -0.0300645 0.909912 0.570312 1 -4.5568 -5.92569 1.26938 1.72418 -1.36889
17.6 -0.478819 0.0554647 0.913751 0.502996 1 -4.92684 -5.54651 1.72779 1.64164 -0.619663
17.64 -0.480004 0.141259 0.906641 0.439262 1 -5.29954 -5.09822 2.1417 1.54505 0.20132
17.68 -0.476356 0.225968 0.889303 0.379609 1 -5.67128 -4.58475 2.50591 1.43757 1.08654
17.72 -0.467537 0.30824 0.862621 0.324412 1 -6.03817 -4.01133 2.81633 1.3223 2.02685
17.76 -0.453265 0.386751 0.827613 0.273922 1 -6.39609 -3.38449 3.07004 1.20219 3.0116
17.8 -0.433321 0.460236 0.785406 0.228278 1 -6.74071 -2.71196 3.26531 1.08 4.02875
17.84 -0.407562 0.527513 0.737207 0.187513 1 -7.06756 -2.00256 3.40166 0.958251 5.065
17.88 -0.375917 0.58751 0.684266 0.151564 1 -7.3721 -1.26605 3.47978 0.839188 6.10605
17.92 -0.338405 0.639293 0.627853 0.120286 1 -7.64976 -0.513002 3.50153 0.724758 7.13676
17.96 -0.295126 0.682083 0.569227 0.0934586 1 -7.89602 0.24539 3.46984 0.616591 8.14141
18 -0.246275 0.715277 0.509602 0.070807 1 -8.10646 0.997519 3.38864 0.515989 9.10398
18.04 -0.192135 0.738462 0.450127 0.0520086 1 -8.27687 1.73157 3.26271 0.423929 10.0084
18.08 -0.133081 0.751425 0.391862 0.0367086 1 -8.40328 2.43572 3.09755 0.341069 10.839
18.12 -0.0695734 0.75416 0.335757 0.0245319 1 -8.48205 3.09842 2.89923 0.267767 11.5805
18.16 -0.00215811 0.746868 0.282633 0.0150945 1 -8.50994 3.70856 2.67423 0.204103 12.2185
18.2 0.0685414 0.729958 0.233175 0.00801432 1 -8.48413 4.25573 2.42924 0.149906 12.7399
18.24 0.141831 0.704033 0.187924 0.00292043 1 -8.40236 4.73043 2.17104 0.104788 13.1328
18.28 0.216954 0.669882 0.147267 -0.000538923 1 -8.2629 5.12424 1.90624 0.0681792 13.3871
18.32 0.293102 0.628464 0.111447 -0.00268982 1 -8.06464 5.43005 1.64122 0.0393655 13.4947
18.36 0.369426 0.580885 0.080559 -0.00382769 1 -7.80712 5.64219 1.38188 0.0175279 13.4493
18.4 0.445049 0.528376 0.0545664 -0.00421384 1 -7.49053 5.75655 1.13355 0.00177957 13.2471
18.44 0.519077 0.472263 0.0333084 -0.00407346 1 -7.11577 5.77071 0.900868 -0.00879826 12.8865
18.48 0.590617 0.413943 0.0165177 -0.00359504 1 -6.68443 5.68401 0.687658 -0.0151227 12.3684
18.52 0.658785 0.35485 0.00383722 -0.002931 1 -6.19878 5.49756 0.496865 -0.0180796 11.6963
18.56 0.722726 0.296423 -0.00515926 -0.00219944 1 -5.66179 5.21427 0.330505 -0.0184985 10.8761
18.6 0.781623 0.240073 -0.0109466 -0.00148682 1 -5.07704 4.8388 0.189635 -0.0171323 9.91585
18.64 0.834714 0.187156 -0.0140266 -0.000851325 1 -4.44877 4.3775 0.0743598 -0.0146425 8.82627
18.68 0.881301 0.138936 -0.0149059 -0.000326686 1 -3.78175 3.83828 -0.0161431 -0.0115895 7.62004
18.72 0.920766 0.0965622 -0.0140761 7.36896e-05 1 -3.08129 3.23054 -0.0835645 -0.00842929 6.31183
18.76 0.952577 0.0610402 -0.0119934 0.00035257 1 -2.35311 2.56494 -0.130386 -0.00551475 4.91805
18.8 0.9763 0.0332091 -0.00906157 0.000524909 1 -1.60336 1.85321 -0.15978 -0.00310218 3.45656
18.84 0.991604 0.0137236 -0.00561686 0.000614198 1 -0.838427 1.10798 -0.175486 -0.00136225 1.94641
18.88 0.998272 0.00303841 -0.00191592 0.000649336 1 -0.0649581 0.342522 -0.181679 -0.000394658 0.407481
18.92 0.996198 0.00139795 0.00187302 0.000662143 1 0.710297 -0.429497 -0.182821 -0.000245676 -1.13979
18.96 0.985392 0.00883077 0.00567543 0.000685611 1 1.48054 -1.19427 -0.183504 -0.000927753 -2.67482
19 0.965983 0.0251487 0.00951198 0.000752969 1 2.23905 -1.93811 -0.188295 -0.00244012 -4.17716
19.04 0.938211 0.0499512 0.0134965 0.000897561 1 2.97921 -2.6477 -0.201574 -0.0047895 -5.62691
19.08 0.902428 0.0826337 0.0178301 0.00115355 1 3.69467 -3.31032 -0.227387 -0.00800979 -7.005
19.12 0.859092 0.122402 0.0227919 0.00155734 1 4.37938 -3.91415 -0.269299 -0.01218 -8.29353
19.16 0.808756 0.16829 0.0287269 0.00214973 1 5.02767 -4.44841 -0.330269 -0.0174393 -9.47608
19.2 0.752063 0.219179 0.0360304 0.00297849 1 5.63437 -4.9036 -0.412535 -0.0239985 -10.538
19.24 0.689731 0.273828 0.0451306 0.0041014 1 6.1948 -5.27168 -0.517523 -0.0321474 -11.4665
19.28 0.622546 0.330896 0.0564696 0.0055895 1 6.70488 -5.54617 -0.64578 -0.0422575 -12.251
19.32 0.551348 0.388977 0.0704823 0.00753023 1 7.16118 -5.7223 -0.796928 -0.054779 -12.8835
19.36 0.477013 0.446626 0.0875763 0.0100305 1 7.5609 -5.79708 -0.969648 -0.0702338 -13.358
19.4 0.400448 0.502398 0.10811 0.0132192 1 7.90197 -5.76932 -1.16169 -0.0892018 -13.6713
19.44 0.322566 0.554872 0.132374 0.0172493 1 8.18301 -5.63964 -1.3699 -0.112304 -13.8227
19.48 0.24428 0.602692 0.16057 0.0222989 1 8.40334 -5.41048 -1.59031 -0.140177 -13.8138
19.52 0.166486 0.644589 0.192798 0.0285715 1 8.56301 -5.08596 -1.81819 -0.173452 -13.649
19.56 0.0900499 0.679414 0.229038 0.0362949 1 8.66273 -4.67184 -2.04817 -0.212718 -13.3346
19.6 0.0157941 0.706159 0.269143 0.0457192 1 8.70387 -4.17538 -2.27439 -0.258497 -12.8792
19.64 -0.0555129 0.723984 0.312829 0.0571132 1 8.68843 -3.60516 -2.4906 -0.311202 -12.2936
19.68 -0.123168 0.732231 0.359675 0.0707594 1 8.61897 -2.97091 -2.69039 -0.371112 -11.5899
19.72 -0.18654 0.730437 0.409119 0.0869483 1 8.49859 -2.28333 -2.86727 -0.438331 -10.7819
19.76 -0.245082 0.718349 0.460468 0.10597 1 8.33082 -1.55384 -3.01492 -0.512765 -9.88466
19.8 -0.298333 0.695922 0.512902 0.128107 1 8.11959 -0.794371 -3.12731 -0.594087 -8.91396
19.84 -0.345923 0.663325 0.565493 0.153623 1 7.86917 -0.0171259 -3.19891 -0.68172 -7.88629
19.88 -0.387577 0.620929 0.617218 0.182754 1 7.58405 0.765647 -3.2248 -0.774817 -6.81841
19.92 -0.423115 0.569307 0.666978 0.215695 1 7.26894 1.54189 -3.20084 -0.872249 -5.72704
19.96 -0.452449 0.509212 0.713627 0.252592 1 6.9286 2.29997 -3.12383 -0.972604 -4.62864
20 -0.475586 0.441565 0.755995 0.293528 1 6.56787 3.02884 -2.99157 -1.07419 -3.53904
20.04 -0.492617 0.36743 0.792913 0.338513 1 6.19153 3.71829 -2.80295 -1.17504 -2.47324
20.08 -0.503716 0.287996 0.823246 0.387473 1 5.80426 4.35908 -2.55804 -1.27296 -1.44518
20.12 -0.509134 0.204542 0.845923 0.440243 1 5.41056 4.94308 -2.25809 -1.36552 -0.467478
20.16 -0.509188 0.118417 0.85996 0.496556 1 5.01474 5.46342 -1.90556 -1.45012 0.448686
20.2 -0.504252 0.0310065 0.864494 0.556039 1 4.62081 5.91454 -1.50405 -1.52403 1.29374
20.24 -0.494752 -0.0562949 0.858807 0.618208 1 4.23249 6.29229 -1.0583 -1.58442 2.0598
20.28 -0.481154 -0.142115 0.842349 0.682466 1 3.85316 6.59392 -0.574059 -1.62848 2.74076
20.32 -0.463951 -0.22513 0.814756 0.748103 1 3.48579 6.81809 -0.0580103 -1.65339 3.3323
20.36 -0.443657 -0.304094 0.77587 0.814301 1 3.133 6.96488 0.482383 -1.6565 3.83188
20.4 -0.420795 -0.377859 0.725749 0.880137 1 2.79699 7.03568 1.03902 -1.63529 4.23869
20.44 -0.395889 -0.445401 0.664674 0.944593 1 2.47954 7.03313 1.60333 -1.58752 4.55359
20.48 -0.369453 -0.505838 0.59315 1.00657 1 2.18205 6.96101 2.16647 -1.51125 4.77896
20.52 -0.341983 -0.558441 0.511905 1.06489 1 1.90552 6.82413 2.71948 -1.40494 4.91861
20.56 -0.31395 -0.602652 0.421878 1.11834 1 1.65055 6.62816 3.2535 -1.2675 4.9776
20.6 -0.285794 -0.638084 0.324209 1.16566 1 1.41743 6.37949 3.75999 -1.09833 4.96206
20.64 -0.257917 -0.664528 0.220217 1.20557 1 1.20609 6.08508 4.23083 -0.897386 4.87899
20.68 -0.23068 -0.681953 0.111378 1.23682 1 1.01617 5.75227 4.65861 -0.665198 4.7361
20.72 -0.2044 -0.690498 -0.000704365 1.25819 1 0.847056 5.38862 5.03669 -0.402921 4.54157
20.76 -0.179343 -0.690465 -0.114327 1.26849 1 0.697894 5.00176 5.3594 -0.112333 4.30386
20.8 -0.155731 -0.682304 -0.227724 1.26665 1 0.56765 4.59919 5.62215 0.204159 4.03154
20.84 -0.133737 -0.666602 -0.339104 1.2517 1 0.455133 4.18819 5.82152 0.543529 3.73306
20.88 -0.113484 -0.644063 -0.446684 1.22279 1 0.359038 3.77564 5.95532 0.902159 3.4166
20.92 -0.0950529 -0.615487 -0.548733 1.17923 1 0.27798 3.3679 6.02266 1.27588 3.08992
20.96 -0.0784811 -0.581747 -0.643605 1.12051 1 0.210527 2.97077 6.0239 1.66 2.76024
21 -0.0637672 -0.543771 -0.729776 1.04632 1 0.155234 2.58931 5.96072 2.04943 2.43408
21.04 -0.0508748 -0.502515 -0.805882 0.956558 1 0.110673 2.22789 5.83597 2.43867 2.11722
21.08 -0.0397371 -0.458941 -0.870746 0.851346 1 0.0754518 1.89005 5.65366 2.82197 1.8146
21.12 -0.030262 -0.413994 -0.923407 0.731039 1 0.048243 1.57856 5.41882 3.19338 1.53031
21.16 -0.0223364 -0.368583 -0.963143 0.596233 1 0.0277979 1.29537 5.13739 3.5469 1.26757
21.2 -0.0158318 -0.323562 -0.989489 0.447764 1 0.0129618 1.04166 4.81607 3.87653 1.0287
21.24 -0.0106086 -0.27971 -1.00225 0.286705 1 0.00268435 0.817884 4.46212 4.17642 0.8152
21.28 -0.00652109 -0.23772 -1.0015 0.114358 1 -0.003974 0.623796 4.08323 4.44095 0.62777
21.32 -0.00342168 -0.198186 -0.987593 -0.0677586 1 -0.00783878 0.458546 3.68729 4.66487 0.466385
21.36 -0.00116471 -0.161595 -0.961156 -0.257924 1 -0.00962152 0.320751 3.28223 4.84341 0.330373
21.4 0.000390087 -0.128324 -0.923068 -0.454239 1 -0.00992261 0.20858 2.87581 4.97234 0.218502
21.44 0.0013747 -0.0986335 -0.874446 -0.654647 1 -0.00923664 0.119849 2.47544 5.04808 0.129085
21.48 0.00191053 -0.0726751 -0.816628 -0.856966 1 -0.00795966 0.0521163 2.08802 5.06782 0.060076
21.52 0.0021067 -0.0504915 -0.751133 -1.05891 1 -0.00639816 0.00277623 1.71976 5.02953 0.00917439
21.56 0.00205883 -0.032026 -0.679638 -1.25814 1 -0.00477901 -0.0308518 1.37607 4.93204 -0.0260728
21.6 0.0018485 -0.0171316 -0.603938 -1.45229 1 -0.00326022 -0.051438 1.06139 4.77509 -0.0481778
21.64 0.00154313 -0.00558408 -0.525902 -1.63898 1 -0.00194188 -0.0615662 0.779159 4.55933 -0.0596243
21.68 0.00119637 0.00290485 -0.447441 -1.81589 1 -0.000877034 -0.0636683 0.531717 4.28636 -0.0627913
21.72 0.00084885 0.00867181 -0.370455 -1.98079 1 -8.20547e-05 -0.0599707 0.320268 3.9587 -0.0598886
21.76 0.000529337 0.0120859 -0.296799 -2.13156 1 0.000453649 -0.0524525 0.144879 3.57974 -0.0529062
21.8 0.000256027 0.013532 -0.228238 -2.26623 1 0.000758922 -0.0428189 0.0045059 3.15373 -0.0435778
21.84 3.80848e-05 0.0133952 -0.166405 -2.38302 1 0.000873243 -0.0324868 -0.102961 2.68573 -0.03336
21.88 -0.00012277 0.0120445 -0.112769 -2.48036 1 0.000840326 -0.0225848 -0.180613 2.18146 -0.0234251
21.92 -0.000230679 0.0098191 -0.0685978 -2.55694 1 0.000702939 -0.0139659 -0.232421 1.64731 -0.0146688
21.96 -0.000294129 0.00701532 -0.0349319 -2.61169 1 0.000498945 -0.00723146 -0.263104 1.09015 -0.00773041
22 -0.000324595 0.003876 -0.012559 -2.64383 1 0.000258446 -0.00276622 -0.277987 0.517269 -0.00302467
22.04 -0.00033538 0.000581931 -0.00199669 -2.6529 1 1.91251e-06 -0.000780764 -0.282834 -0.0637714 -0.000782677
22.08 -0.000340714 -0.00275408 -0.00348067 -2.63872 1 -0.000260887 -0.00136115 -0.283676 -0.645248 -0.00110026
22.12 -0.000355136 -0.00609042 -0.0169591 -2.60143 1 -0.000531365 -0.00452236 -0.286632 -1.21942 -0.00399099
22.16 -0.000393186 -0.00945717 -0.0420935 -2.54147 1 -0.000822239 -0.0102636 -0.297722 -1.77864 -0.00944139
22.2 -0.000469405 -0.0129537 -0.0782664 -2.45959 1 -0.00115753 -0.0186231 -0.322692 -2.31552 -0.0174656
22.24 -0.00059864 -0.0167437 -0.124595 -2.35682 1 -0.00157268 -0.0297297 -0.366835 -2.82301 -0.028157
22.28 -0.000796621 -0.0210475 -0.17995 -2.23446 1 -0.00211502 -0.0438493 -0.434836 -3.29455 -0.0417343
22.32 -0.00108078 -0.0261321 -0.242984 -2.09409 1 -0.00284477 -0.061424 -0.530623 -3.72417 -0.0585792
22.36 -0.00147125 -0.0322994 -0.312158 -1.93748 1 -0.00383675 -0.083102 -0.657245 -4.10657 -0.0792653
22.4 -0.00199201 -0.0398723 -0.385777 -1.7666 1 -0.00518293 -0.109757 -0.816765 -4.43725 -0.104574
22.44 -0.00267207 -0.0491805 -0.462031 -1.5836 1 -0.00699586 -0.142495 -1.01019 -4.71251 -0.135499
22.48 -0.00354662 -0.0605442 -0.539032 -1.39076 1 -0.00941308 -0.182649 -1.23741 -4.92957 -0.173236
22.52 -0.00465816 -0.0742589 -0.614856 -1.19044 1 -0.0126023 -0.231762 -1.49719 -5.08658 -0.21916
22.56 -0.00605736 -0.0905798 -0.687591 -0.985056 1 -0.0167674 -0.291553 -1.78719 -5.18261 -0.274786
22.6 -0.00780373 -0.109706 -0.755372 -0.777049 1 -0.0221553 -0.363876 -2.10398 -5.21772 -0.34172
22.64 -0.00996599 -0.13177 -0.81643 -0.568837 1 -0.0290624 -0.450661 -2.4431 -5.19287 -0.421598
22.68 -0.012622 -0.15682 -0.869126 -0.362781 1 -0.0378424 -0.553854 -2.79922 -5.10994 -0.516012
22.72 -0.0158581 -0.184816 -0.911989 -0.16115 1 -0.0489126 -0.67534 -3.16617 -4.97165 -0.626428
22.76 -0.0197688 -0.215619 -0.943747 0.0339136 1 -0.0627609 -0.816865 -3.53716 -4.78151 -0.754104
22.8 -0.0244543 -0.248988 -0.963358 0.220419 1 -0.0799505 -0.97995 -3.90488 -4.54375 -0.899999
22.84 -0.0300197 -0.284578 -0.970026 0.396558 1 -0.101125 -1.16581 -4.26172 -4.26321 -1.06469
22.88 -0.0365716 -0.321939 -0.963224 0.560728 1 -0.127009 -1.37527 -4.59994 -3.94525 -1.24826
22.92 -0.0442157 -0.360525 -0.942701 0.711546 1 -0.158411 -1.60869 -4.91182 -3.59565 -1.45028
22.96 -0.0530535 -0.399699 -0.908487 0.847869 1 -0.19622 -1.86587 -5.18993 -3.22049 -1.66965
23 -0.0631785 -0.438743 -0.860892 0.968799 1 -0.241399 -2.14605 -5.42725 -2.82602 -1.90465
23.04 -0.074672 -0.476874 -0.800495 1.07369 1 -0.294982 -2.44778 -5.61736 -2.41859 -2.1528
23.08 -0.0875995 -0.513258 -0.728135 1.16215 1 -0.358057 -2.76894 -5.75463 -2.0045 -2.41088
23.12 -0.102006 -0.54703 -0.644885 1.23404 1 -0.431758 -3.10672 -5.83436 -1.58989 -2.67496
23.16 -0.117913 -0.577311 -0.552034 1.28945 1 -0.51724 -3.45758 -5.85286 -1.18064 -2.94034
23.2 -0.135311 -0.603235 -0.451051 1.32871 1 -0.615669 -3.81733 -5.80762 -0.782307 -3.20166
23.24 -0.154161 -0.623962 -0.343559 1.35236 1 -0.728187 -4.18111 -5.69734 -0.399982 -3.45292
23.28 -0.174388 -0.638708 -0.231293 1.36112 1 -0.855895 -4.5435 -5.522 -0.038266 -3.6876
23.32 -0.195878 -0.646764 -0.116067 1.35591 1 -0.999819 -4.89854 -5.28286 0.298817 -3.89873
23.36 -0.218477 -0.647514 0.000269787 1.33778 1 -1.16088 -5.2399 -4.98244 0.60786 -4.07903
23.4 -0.241988 -0.640457 0.115866 1.3079 1 -1.33986 -5.56093 -4.6245 0.886109 -4.22107
23.44 -0.266175 -0.625222 0.228913 1.26755 1 -1.53739 -5.8548 -4.21397 1.13148 -4.31741
23.48 -0.290758 -0.601586 0.337677 1.21806 1 -1.75387 -6.11468 -3.75679 1.34257 -4.36081
23.52 -0.315417 -0.569478 0.440538 1.16084 1 -1.98949 -6.33382 -3.25988 1.51865 -4.34433
23.56 -0.339795 -0.528994 0.536017 1.09727 1 -2.24417 -6.50578 -2.73091 1.65962 -4.26161
23.6 -0.363501 -0.480398 0.622809 1.02876 1 -2.51755 -6.62453 -2.17819 1.76602 -4.10698
23.64 -0.386113 -0.424122 0.6998 0.956663 1 -2.80892 -6.68462 -1.61045 1.83892 -3.8757
23.68 -0.407188 -0.360762 0.76609 0.882285 1 -3.11728 -6.68136 -1.03668 1.87996 -3.56408
23.72 -0.426263 -0.291073 0.821007 0.806862 1 -3.44124 -6.6109 -0.465929 1.89119 -3.16966
23.76 -0.442865 -0.215954 0.86411 0.731537 1 -3.77908 -6.47043 0.0928936 1.87505 -2.69135
23.8 -0.456521 -0.136434 0.895196 0.65735 1 -4.12867 -6.25822 0.631208 1.8343 -2.12955
23.84 -0.466764 -0.0536546 0.914295 0.585226 1 -4.48755 -5.97378 1.14094 1.77194 -1.48623
23.88 -0.473141 0.0311531 0.921662 0.515964 1 -4.85289 -5.61788 1.6147 1.69112 -0.764991
23.92 -0.475226 0.116693 0.917762 0.450241 1 -5.22153 -5.19262 2.04592 1.59506 0.0289092
23.96 -0.472627 0.201628 0.903259 0.388599 1 -5.58996 -4.70141 2.42899 1.48702 0.888545
24 -0.464996 0.284612 0.878984 0.331455 1 -5.95441 -4.14904 2.75937 1.37018 1.80538
24.04 -0.452037 0.364315 0.845919 0.279099 1 -6.31087 -3.54153 3.03366 1.2476 2.76933
24.08 -0.433516 0.43945 0.805167 0.231704 1 -6.65508 -2.88617 3.24966 1.12217 3.76891
24.12 -0.409268 0.508808 0.757919 0.189329 1 -6.98267 -2.19135 3.40639 0.996547 4.79132
24.16 -0.379201 0.571278 0.705428 0.151936 1 -7.28915 -1.46646 3.50409 0.873118 5.82269
24.2 -0.343308 0.625875 0.648976 0.119394 1 -7.57 -0.721741 3.54418 0.75398 6.84825
24.24 -0.301665 0.671764 0.589845 0.0914965 1 -7.8207 0.0318818 3.52918 0.640907 7.85258
24.28 -0.254437 0.708276 0.529286 0.0679715 1 -8.03686 0.782994 3.46267 0.535344 8.81985
24.32 -0.20188 0.734928 0.468493 0.0484966 1 -8.21423 1.5199 3.34912 0.4384 9.73413
24.36 -0.144337 0.751433 0.408578 0.0327115 1 -8.3488 2.23084 3.1938 0.350855 10.5796
24.4 -0.0822422 0.757707 0.350552 0.0202309 1 -8.43687 2.9042 3.00261 0.273175 11.3411
24.44 -0.016113 0.753874 0.295301 0.0106568 1 -8.47511 3.52876 2.78192 0.205529 12.0039
24.48 0.0534534 0.740265 0.243579 0.00358984 1 -8.46059 4.09391 2.5384 0.147819 12.5545
24.52 0.125787 0.71741 0.195993 -0.00136076 1 -8.39092 4.58987 2.27887 0.099711 12.9808
24.56 0.200154 0.686029 0.153002 -0.00456836 1 -8.26423 5.00788 2.01007 0.0606693 13.2721
24.6 0.275763 0.647018 0.114911 -0.00638164 1 -8.07924 5.3404 1.73854 0.0299944 13.4196
24.64 0.351782 0.601428 0.0818787 -0.00711878 1 -7.83531 5.58127 1.47045 0.00686253 13.4166
24.68 0.427344 0.550443 0.0539227 -0.00706332 1 -7.53246 5.72587 1.21144 -0.00963565 13.2583
24.72 0.501564 0.495357 0.0309303 -0.00646146 1 -7.17139 5.77122 0.966471 -0.0204572 12.9426
24.76 0.573548 0.437541 0.0126731 -0.00552088 1 -6.75349 5.71605 0.739771 -0.0265716 12.4695
24.8 0.642415 0.378416 -0.00117619 -0.00441087 1 -6.28085 5.56087 0.534698 -0.0289288 11.8417
24.84 0.7073 0.319421 -0.0110245 -0.00326368 1 -5.75621 5.30798 0.353695 -0.0284309 11.0642
24.88 0.767378 0.26198 -0.0173379 -0.00217687 1 -5.183 4.96144 0.198253 -0.0259095 10.1444
24.92 0.82187 0.207473 -0.0206199 -0.00121653 1 -4.56525 4.52702 0.0689037 -0.0221074 9.09228
24.96 0.87006 0.157199 -0.0213895 -0.000421056 1 -3.9076 4.01212 -0.0347679 -0.0176665 7.91972
25 0.911305 0.112355 -0.0201602 0.000194693 1 -3.21518 3.42563 -0.114075 -0.0131209 6.64081
25.04 0.945049 0.0739999 -0.0174193 0.00063503 1 -2.49361 2.77776 -0.17116 -0.00889592 5.27137
25.08 0.970827 0.0430393 -0.0136095 0.000919184 1 -1.7489 2.07992 -0.208906 -0.00531179 3.82882
25.12 0.988278 0.0201986 -0.00911288 0.00107727 1 -0.987396 1.34443 -0.230819 -0.00259271 2.33183
25.16 0.99715 0.00600904 -0.0042369 0.00114672 1 -0.215656 0.584364 -0.240903 -0.0008796 0.80002
25.2 0.997302 0.000795194 0.000795722 0.00116924 1 0.559591 -0.18673 -0.243514 -0.000246315 -0.746321
25.24 0.98871 0.00466737 0.00585406 0.00118853 1 1.33156 -0.95507 -0.243212 -0.000718437 -2.28663
25.28 0.971468 0.017519 0.0109023 0.00124877 1 2.09348 -1.7069 -0.244596 -0.00229354 -3.80038
25.32 0.945781 0.0390287 0.0159996 0.00139389 1 2.83872 -2.42875 -0.252153 -0.00496206 -5.26747
25.36 0.91197 0.0686676 0.0212953 0.00166768 1 3.56083 -3.10767 -0.2701 -0.00872772 -6.6685
25.4 0.870461 0.105711 0.0270224 0.00211477 1 4.25367 -3.7315 -0.302236 -0.0136266 -7.98517
25.44 0.821779 0.149255 0.0334856 0.00278218 1 4.91145 -4.28908 -0.351807 -0.0197438 -9.20053
25.48 0.766542 0.198236 0.041048 0.00372159 1 5.52883 -4.77045 -0.42139 -0.0272271 -10.2993
25.52 0.705448 0.251455 0.0501143 0.00499207 1 6.10099 -5.16704 -0.512786 -0.0362964 -11.268
25.56 0.639266 0.307605 0.0611126 0.00666298 1 6.62369 -5.47183 -0.626948 -0.0472493 -12.0955
25.6 0.568822 0.3653 0.0744744 0.00881719 1 7.09327 -5.67945 -0.763922 -0.0604611 -12.7727
25.64 0.494986 0.423104 0.0906138 0.011554 1 7.50678 -5.7863 -0.922817 -0.07638 -13.2931
25.68 0.418657 0.479567 0.109907 0.014992 1 7.86191 -5.79055 -1.10181 -0.0955172 -13.6525
25.72 0.340753 0.533257 0.13267 0.0192709 1 8.1571 -5.69224 -1.29816 -0.118432 -13.8493
25.76 0.262191 0.582785 0.159144 0.0245538 1 8.39146 -5.49319 -1.50827 -0.145711 -13.8847
25.8 0.183877 0.626847 0.189471 0.0310269 1 8.56485 -5.19697 -1.72777 -0.177944 -13.7618
25.84 0.10669 0.664243 0.223686 0.0388998 1 8.67779 -4.80882 -1.95157 -0.2157 -13.4866
25.88 0.0314716 0.693909 0.261699 0.0484035 1 8.7315 -4.33554 -2.17406 -0.259489 -13.067
25.92 -0.0409891 0.714938 0.303289 0.059788 1 8.7278 -3.78529 -2.38917 -0.309736 -12.5131
25.96 -0.109964 0.726601 0.3481 0.0733177 1 8.66912 -3.1675 -2.5906 -0.366747 -11.8366
26 -0.174798 0.72836 0.395637 0.0892661 1 8.55844 -2.49258 -2.7719 -0.430674 -11.051
26.04 -0.234914 0.719882 0.445272 0.107909 1 8.39918 -1.7718 -2.92673 -0.501485 -10.171
26.08 -0.28982 0.701044 0.496247 0.129518 1 8.19521 -1.017 -3.04894 -0.578935 -9.21221
26.12 -0.339119 0.671936 0.547691 0.154347 1 7.95074 -0.240368 -3.13282 -0.662543 -8.19111
26.16 -0.382503 0.632855 0.598632 0.18263 1 7.67025 0.545764 -3.17321 -0.751571 -7.12448
26.2 -0.419764 0.584303 0.648014 0.214561 1 7.35841 1.32919 -3.1657 -0.845011 -6.02922
26.24 -0.450785 0.526968 0.694726 0.250293 1 7.02002 2.09802 -3.10669 -0.941579 -4.922
26.28 -0.475546 0.461715 0.737618 0.289919 1 6.65995 2.84093 -2.99359 -1.03971 -3.81902
26.32 -0.494113 0.38956 0.775534 0.333465 1 6.28305 3.54735 -2.82486 -1.13759 -2.73569
26.36 -0.50664 0.311653 0.807339 0.380879 1 5.89405 4.20762 -2.60011 -1.23313 -1.68643
26.4 -0.513356 0.229247 0.831946 0.432022 1 5.49758 4.81316 -2.32011 -1.32403 -0.68442
26.44 -0.514562 0.143674 0.848348 0.486659 1 5.09802 5.3566 -1.98683 -1.40781 0.258579
26.48 -0.510622 0.0563159 0.855644 0.544451 1 4.69953 5.8319 -1.60343 -1.48182 1.13237
26.52 -0.501952 -0.0314271 0.853066 0.604955 1 4.30594 6.23438 -1.17419 -1.54335 1.92843
26.56 -0.489011 -0.118165 0.840005 0.667614 1 3.92075 6.56078 -0.704459 -1.5896 2.64003
26.6 -0.472291 -0.202545 0.816029 0.731762 1 3.54709 6.80929 -0.200546 -1.61783 3.2622
26.64 -0.45231 -0.283284 0.780905 0.796627 1 3.1877 6.97951 0.330394 -1.62537 3.79181
26.68 -0.429593 -0.359188 0.734608 0.861328 1 2.8449 7.0724 0.880509 -1.6097 4.22749
26.72 -0.404674 -0.429179 0.677333 0.924893 1 2.52062 7.0902 1.44141 -1.56853 4.56958
26.76 -0.378076 -0.492314 0.6095 0.986261 1 2.21636 7.03638 2.00436 -1.49986 4.82001
26.8 -0.350309 -0.547801 0.531748 1.0443 1 1.93324 6.91544 2.56043 -1.40203 4.98221
26.84 -0.32186 -0.595013 0.444932 1.09782 1 1.67196 6.73286 3.10074 -1.27384 5.0609
26.88 -0.293185 -0.633497 0.350113 1.14558 1 1.4329 6.49487 3.61658 -1.11452 5.06198
26.92 -0.264704 -0.662975 0.248535 1.18635 1 1.21604 6.20834 4.09969 -0.923856 4.9923
26.96 -0.236797 -0.68335 0.141611 1.21887 1 1.02111 5.8806 4.54235 -0.702198 4.85949
27 -0.209798 -0.694698 0.0308912 1.24193 1 0.847515 5.51925 4.93762 -0.450486 4.67174
27.04 -0.183994 -0.697265 -0.0819654 1.25434 1 0.694448 5.13202 5.27944 -0.170278 4.43757
27.08 -0.159624 -0.691451 -0.195222 1.25502 1 0.560882 4.72658 5.56279 0.136242 4.1657
27.12 -0.136876 -0.677798 -0.307103 1.24297 1 0.445632 4.31041 5.78379 0.466277 3.86478
27.16 -0.115891 -0.656977 -0.415825 1.21732 1 0.347381 3.89066 5.93976 0.816431 3.54327
27.2 -0.0967632 -0.62976 -0.519644 1.17733 1 0.264722 3.47397 6.0293 1.18274 3.20925
27.24 -0.0795418 -0.597006 -0.616884 1.12246 1 0.196192 3.06646 6.05231 1.56074 2.87026
27.28 -0.0642354 -0.559634 -0.70598 1.05234 1 0.140306 2.67352 6.00993 1.94548 2.53322
27.32 -0.0508155 -0.518605 -0.78551 0.966796 1 0.0955852 2.29986 5.90459 2.33165 2.20427
27.36 -0.0392211 -0.474892 -0.854228 0.865891 1 0.0605878 1.94937 5.73985 2.71362 1.88878
27.4 -0.0293633 -0.429461 -0.911095 0.749908 1 0.0339289 1.62514 5.52037 3.08554 1.59121
27.44 -0.0211305 -0.383251 -0.955301 0.619368 1 0.0143018 1.32944 5.25176 3.44147 1.31514
27.48 -0.0143932 -0.33715 -0.986284 0.47503 1 0.000493678 1.06375 4.94046 3.77542 1.06325
27.52 -0.00900937 -0.291981 -1.00375 0.31789 1 -0.00860297 0.82876 4.59354 4.08155 0.837363
27.56 -0.00482887 -0.248483 -1.00767 0.149176 1 -0.0139819 0.62446 4.21856 4.35418 0.638442
27.6 -0.00169835 -0.207298 -0.998292 -0.0296675 1 -0.0165191 0.450175 3.82339 4.58798 0.466694
27.64 0.000534726 -0.168968 -0.976147 -0.216988 1 -0.0169714 0.304656 3.41598 4.77804 0.321628
27.68 0.00201841 -0.133919 -0.942014 -0.410948 1 -0.015979 0.186163 3.00422 4.91996 0.202142
27.72 0.00289305 -0.102465 -0.896924 -0.609547 1 -0.0140699 0.0925542 2.59569 5.00999 0.106624
27.76 0.00328871 -0.0748055 -0.842132 -0.810648 1 -0.011667 0.0213851 2.19756 5.04507 0.0330521
27.8 0.00332314 -0.0510282 -0.77909 -1.01201 1 -0.00909696 -0.0299962 1.81635 5.02291 -0.0208992
27.84 0.00310033 -0.0311165 -0.709417 -1.21131 1 -0.00660015 -0.0643556 1.45784 4.94208 -0.0577554
27.88 0.00270971 -0.0149581 -0.634865 -1.40619 1 -0.00434178 -0.0844838 1.1269 4.80203 -0.0801421
27.92 0.00222579 -0.00235623 -0.557278 -1.59429 1 -0.00242334 -0.0931155 0.827416 4.60311 -0.0906922
27.96 0.00170838 0.0069571 -0.478553 -1.77329 1 -0.00089412 -0.0928569 0.562189 4.34662 -0.0919628
28 0.00120324 0.013306 -0.400596 -1.94091 1 0.000237632 -0.0861255 0.33291 4.03476 -0.0863631
28.04 0.000743039 0.0170552 -0.325284 -2.09502 1 0.000994153 -0.0751021 0.140128 3.67065 -0.0760962
28.08 0.000348697 0.0185932 -0.254417 -2.2336 1 0.00141851 -0.061696 -0.0167367 3.25827 -0.0631146
28.12 3.0854e-05 0.0183162 -0.18968 -2.35481 1 0.00156605 -0.0475246 -0.139355 2.8024 -0.0490906
28.16 -0.00020849 0.0166118 -0.132608 -2.45703 1 0.001497 -0.0339056 -0.230417 2.30855 -0.0354026
28.2 -0.000374308 0.0138443 -0.084547 -2.53886 1 0.00127046 -0.0218643 -0.293538 1.78289 -0.0231348
28.24 -0.000476925 0.010341 -0.0466252 -2.59916 1 0.000939588 -0.0121516 -0.333142 1.23213 -0.0130911
28.28 -0.0005305 0.00638041 -0.0197275 -2.63707 1 0.000547999 -0.00527377 -0.354319 0.663444 -0.00582177
28.32 -0.000551692 0.00218247 -0.00447482 -2.65203 1 0.000127349 -0.00153203 -0.362672 0.0843048 -0.00165938
28.36 -0.000558558 -0.00209839 -0.00121015 -2.64376 1 -0.000304207 -0.0010687 -0.364142 -0.497607 -0.000764489
28.4 -0.000569722 -0.00637794 -0.00999029 -2.61232 1 -0.000742772 -0.00391932 -0.364837 -1.07454 -0.00317655
28.44 -0.000603842 -0.0106439 -0.0305844 -2.55805 1 -0.00119894 -0.0100675 -0.370841 -1.63882 -0.0088686
28.48 -0.000679394 -0.0149549 -0.062479 -2.48162 1 -0.00169773 -0.0195006 -0.388039 -2.18295 -0.0178028
28.52 -0.000814761 -0.0194367 -0.104889 -2.38396 1 -0.00227852 -0.0322629 -0.421937 -2.69975 -0.0299844
28.56 -0.00102862 -0.0242759 -0.156776 -2.26632 1 -0.00299504 -0.0485058 -0.477498 -3.1825 -0.0455108
28.6 -0.00134057 -0.0297108 -0.216871 -2.13017 1 -0.00391595 -0.0685305 -0.558986 -3.62501 -0.0646145
28.64 -0.00177202 -0.0360207 -0.283703 -1.97723 1 -0.00512582 -0.092823 -0.669837 -4.02176 -0.0876972
28.68 -0.0023472 -0.0435128 -0.355631 -1.80944 1 -0.00672696 -0.122079 -0.812541 -4.36797 -0.115352
28.72 -0.00309426 -0.0525083 -0.430882 -1.62889 1 -0.00884207 -0.157219 -0.988562 -4.65967 -0.148377
28.76 -0.00404646 -0.0633268 -0.507592 -1.43782 1 -0.0116177 -0.199386 -1.19827 -4.89377 -0.187769
28.8 -0.00524322 -0.0762712 -0.583845 -1.23858 1 -0.0152286 -0.249939 -1.44091 -5.06812 -0.23471
28.84 -0.00673109 -0.0916114 -0.657718 -1.03359 1 -0.019883 -0.310422 -1.71462 -5.18149 -0.290539
28.88 -0.00856454 -0.10957 -0.72732 -0.825284 1 -0.0258285 -0.382535 -2.01641 -5.23361 -0.356706
28.92 -0.0108064 -0.130306 -0.790842 -0.616109 1 -0.033358 -0.468078 -2.34227 -5.22516 -0.43472
28.96 -0.0135281 -0.153906 -0.846588 -0.408451 1 -0.0428169 -0.568896 -2.68723 -5.15775 -0.526079
29 -0.0168091 -0.18037 -0.893019 -0.204619 1 -0.054609 -0.686806 -3.04548 -5.03383 -0.632197
29.04 -0.0207367 -0.209604 -0.928784 -0.00680911 1 -0.0692031 -0.823528 -3.41048 -4.85669 -0.754325
29.08 -0.0254044 -0.241414 -0.952749 0.182932 1 -0.0871383 -0.980597 -3.77515 -4.63034 -0.893459
29.12 -0.0309103 -0.275505 -0.964023 0.362728 1 -0.109028 -1.15929 -4.132 -4.35948 -1.05026
29.16 -0.0373553 -0.311477 -0.961976 0.530904 1 -0.135563 -1.36052 -4.47335 -4.04932 -1.22495
29.2 -0.04484 -0.348832 -0.946253 0.686001 1 -0.167512 -1.58479 -4.79147 -3.70555 -1.41728
29.24 -0.0534618 -0.386978 -0.916778 0.826796 1 -0.205722 -1.83211 -5.07882 -3.33421 -1.62639
29.28 -0.0633115 -0.42524 -0.873758 0.952312 1 -0.251112 -2.1019 -5.32821 -2.94155 -1.85079
29.32 -0.0744698 -0.462872 -0.817676 1.06182 1 -0.304668 -2.39299 -5.533 -2.53394 -2.08832
29.36 -0.0870028 -0.499069 -0.749276 1.15486 1 -0.367433 -2.70352 -5.68723 -2.11774 -2.33609
29.4 -0.100958 -0.53299 -0.669551 1.23119 1 -0.440494 -3.03098 -5.78582 -1.6992 -2.59049
29.44 -0.116362 -0.563771 -0.579717 1.29087 1 -0.524967 -3.37216 -5.8247 -1.28436 -2.84719
29.48 -0.133212 -0.59055 -0.481184 1.33413 1 -0.621976 -3.72315 -5.80088 -0.878908 -3.10117
29.52 -0.151477 -0.612485 -0.375527 1.36147 1 -0.732635 -4.07941 -5.7126 -0.488154 -3.34678
29.56 -0.171092 -0.62878 -0.26445 1.37357 1 -0.858018 -4.43582 -5.55932 -0.116901 -3.5778
29.6 -0.191956 -0.638703 -0.149751 1.3713 1 -0.999136 -4.78669 -5.3418 0.230597 -3.78755
29.64 -0.213928 -0.641607 -0.0332771 1.35567 1 -1.1569 -5.12591 -5.06208 0.550697 -3.96901
29.68 -0.236827 -0.636952 0.0831076 1.32785 1 -1.33211 -5.44705 -4.72344 0.840403 -4.11494
29.72 -0.260432 -0.624322 0.197566 1.28909 1 -1.5254 -5.74345 -4.33037 1.09739 -4.21805
29.76 -0.284479 -0.603438 0.308323 1.24075 1 -1.73721 -6.00835 -3.88843 1.32003 -4.27115
29.8 -0.308666 -0.574173 0.413704 1.1842 1 -1.96776 -6.23509 -3.40417 1.50735 -4.26733
29.84 -0.332652 -0.536561 0.512167 1.12087 1 -2.21704 -6.4172 -2.885 1.65906 -4.20016
29.88 -0.356061 -0.490798 0.602331 1.05218 1 -2.48475 -6.54858 -2.33899 1.7755 -4.06383
29.92 -0.378488 -0.437253 0.683001 0.979518 1 -2.77027 -6.62364 -1.77476 1.8576 -3.85337
29.96 -0.399502 -0.376457 0.75319 0.904229 1 -3.07268 -6.6375 -1.20121 1.90683 -3.56482
30 -0.418651 -0.309101 0.812135 0.827589 1 -3.39069 -6.58606 -0.627413 1.92515 -3.19537
30.04 -0.435474 -0.236026 0.859305 0.750788 1 -3.72269 -6.46619 -0.0623642 1.91491 -2.74349
30.08 -0.449504 -0.158208 0.894407 0.674913 1 -4.06669 -6.27581 0.485192 1.87883 -2.20912
30.12 -0.460276 -0.076742 0.917385 0.600939 1 -4.42032 -6.01401 1.00695 1.81988 -1.59369
30.16 -0.46734 0.00717899 0.928411 0.529718 1 -4.78089 -5.68114 1.49521 1.74121 -0.900248
30.2 -0.470269 0.0922876 0.927881 0.461971 1 -5.14534 -5.27881 1.94306 1.6461 -0.133472
30.24 -0.468663 0.177267 0.916389 0.398292 1 -5.5103 -4.80999 2.34449 1.53786 0.700317
30.28 -0.462166 0.260778 0.894715 0.33914 1 -5.87212 -4.27894 2.69451 1.41976 1.59318
30.32 -0.450471 0.341487 0.863798 0.284845 1 -6.22686 -3.69125 2.98926 1.29496 2.53562
30.36 -0.433326 0.418096 0.824707 0.235616 1 -6.57039 -3.05371 3.22606 1.16648 3.51669
30.4 -0.410549 0.489369 0.778619 0.191545 1 -6.89841 -2.37429 3.40345 1.0371 4.52412
30.44 -0.382028 0.554159 0.72678 0.152616 1 -7.20649 -1.66198 3.52119 0.909362 5.5445
30.48 -0.34773 0.611438 0.67048 0.118718 1 -7.49015 -0.926695 3.58025 0.78551 6.56345
30.52 -0.307705 0.660315 0.611021 0.0896587 1 -7.74491 -0.179056 3.58274 0.667466 7.56586
30.56 -0.262093 0.70006 0.549684 0.065173 1 -7.9664 0.569742 3.53184 0.55682 8.53614
30.6 -0.21112 0.730122 0.487705 0.0449402 1 -8.15034 1.30815 3.4317 0.45482 9.45849
30.64 -0.155102 0.750139 0.426248 0.0285963 1 -8.29269 2.02448 3.28734 0.362374 10.3172
30.68 -0.0944423 0.759953 0.366379 0.0157476 1 -8.38968 2.70712 3.10444 0.280063 11.0968
30.72 -0.0296317 0.759609 0.309049 0.00598319 1 -8.43791 3.34475 2.88926 0.208156 11.7827
30.76 0.0387599 0.749361 0.255079 -0.0011127 1 -8.43436 3.92661 2.6484 0.146638 12.361
30.8 0.110088 0.729664 0.205145 -0.00595019 1 -8.37651 4.44264 2.38868 0.0952365 12.8191
30.84 0.183639 0.701168 0.159775 -0.0089241 1 -8.26233 4.88377 2.11696 0.0534591 13.1461
30.88 0.258645 0.664703 0.119343 -0.0104059 1 -8.09042 5.24207 1.83993 0.0206298 13.3325
30.92 0.334288 0.621262 0.0840699 -0.0107371 1 -7.85994 5.51093 1.56396 -0.00407131 13.3709
30.96 0.409713 0.571981 0.0540321 -0.0102243 1 -7.57075 5.68521 1.29498 -0.0215683 13.256
31 0.484045 0.518111 0.0291683 -0.0091359 1 -7.22334 5.76137 1.03831 -0.0328499 12.9847
31.04 0.556396 0.460998 0.00929363 -0.00770025 1 -6.81892 5.73758 0.798515 -0.0389327 12.5565
31.08 0.625881 0.402045 -0.00588521 -0.00610507 1 -6.35937 5.61374 0.579376 -0.0408262 11.9731
31.12 0.691633 0.342685 -0.016751 -0.00449849 1 -5.84725 5.39153 0.383759 -0.0395026 11.2388
31.16 0.752816 0.284351 -0.0237562 -0.00299102 1 -5.28579 5.07442 0.213588 -0.0358707 10.3602
31.2 0.808639 0.228441 -0.0274013 -0.00165851 1 -4.67885 4.6676 0.0698259 -0.0307548 9.34644
31.24 0.858368 0.176287 -0.0282128 -0.000545824 1 -4.03088 4.17791 -0.0475247 -0.0248797 8.20878
31.28 0.901338 0.129125 -0.026722 0.000328986 1 -3.34688 3.61372 -0.139384 -0.0188607 6.9606
31.32 0.936967 0.0880699 -0.0234432 0.000970194 1 -2.63232 2.98482 -0.20754 -0.0131997 5.61715
31.36 0.964763 0.0540865 -0.018855 0.00139991 1 -1.89312 2.30221 -0.254561 -0.00828614 4.19533
31.4 0.984333 0.0279693 -0.0133822 0.00165372 1 -1.1355 1.5779 -0.283697 -0.00440416 2.7134
31.44 0.995393 0.0103242 -0.007381 0.00177666 1 -0.365975 0.82474 -0.298752 -0.00174287 1.19071
31.48 0.997767 0.00155484 -0.00112737 0.00181974 1 0.40877 0.0561164 -0.303949 -0.000411347 -0.352654
31.52 0.991396 0.00185273 0.00519202 0.00183709 1 1.18196 -0.714243 -0.303781 -0.000456207 -1.89621
31.56 0.976339 0.0111931 0.0114847 0.00188384 1 1.94682 -1.47255 -0.302856 -0.00188135 -3.41938
31.6 0.952767 0.0293352 0.0177539 0.00201484 1 2.69667 -2.20521 -0.305734 -0.00466874 -4.90188
31.64 0.920967 0.0558272 0.024096 0.00228421 1 3.425 -2.89907 -0.316775 -0.00879933 -6.32407
31.68 0.881334 0.0900167 0.0306947 0.00274565 1 4.12555 -3.54169 -0.339986 -0.014273 -7.66724
31.72 0.834365 0.131065 0.0378118 0.00345365 1 4.79245 -4.12151 -0.378881 -0.0211268 -8.91396
31.76 0.78065 0.177966 0.0457743 0.00446519 1 5.42021 -4.62816 -0.436351 -0.0294502 -10.0484
31.8 0.720867 0.229568 0.0549595 0.00584214 1 6.00385 -5.05256 -0.514561 -0.0393971 -11.0564
31.84 0.655764 0.284602 0.065777 0.00765395 1 6.53895 -5.38715 -0.614855 -0.0511936 -11.9261
31.88 0.586154 0.341706 0.07865 0.00998064 1 7.02169 -5.62597 -0.737697 -0.0651408 -12.6477
31.92 0.512897 0.39946 0.0939946 0.0129157 1 7.44889 -5.76481 -0.882625 -0.0816131 -13.2137
31.96 0.436887 0.456414 0.112199 0.016569 1 7.81807 -5.80124 -1.04824 -0.101051 -13.6193
32 0.35904 0.511123 0.133603 0.021069 1 8.12745 -5.73467 -1.23223 -0.123949 -13.8621
32.04 0.280279 0.562179 0.158478 0.0265647 1 8.37596 -5.5663 -1.43138 -0.150838 -13.9423
32.08 0.201517 0.60824 0.18701 0.0332268 1 8.56323 -5.29916 -1.64167 -0.182265 -13.8624
32.12 0.123646 0.648064 0.21928 0.0412474 1 8.68962 -4.93793 -1.85835 -0.218765 -13.6276
32.16 0.0475241 0.68053 0.255256 0.0508394 1 8.75616 -4.48891 -2.07607 -0.260834 -13.2451
32.2 -0.0260395 0.704669 0.294778 0.0622341 1 8.76451 -3.95987 -2.28897 -0.3089 -12.7244
32.24 -0.0962937 0.719682 0.337552 0.0756778 1 8.71696 -3.35985 -2.49087 -0.363286 -12.0768
32.28 -0.162557 0.724958 0.383149 0.0914271 1 8.61634 -2.69899 -2.67542 -0.424181 -11.3153
32.32 -0.224224 0.720085 0.431007 0.109743 1 8.466 -1.98835 -2.83625 -0.49161 -10.4543
32.36 -0.280775 0.704862 0.480432 0.130883 1 8.26971 -1.23964 -2.96715 -0.565399 -9.50935
32.4 -0.33178 0.679298 0.530612 0.155094 1 8.03161 -0.465027 -3.06227 -0.645157 -8.49663
32.44 -0.376904 0.643616 0.580628 0.182602 1 7.75614 0.323117 -3.11623 -0.730247 -7.43302
32.48 -0.415906 0.598242 0.629471 0.213603 1 7.44797 1.11245 -3.12432 -0.819775 -6.33552
32.52 -0.448642 0.543799 0.676066 0.24825 1 7.11192 1.89089 -3.08264 -0.91258 -5.22103
32.56 -0.475063 0.481091 0.719292 0.286646 1 6.75287 2.64684 -2.9882 -1.00723 -4.10604
32.6 -0.49521 0.411084 0.758008 0.328831 1 6.37573 3.36936 -2.83904 -1.10203 -3.00637
32.64 -0.509213 0.334884 0.791084 0.374773 1 5.98531 4.04841 -2.63431 -1.19504 -1.93689
32.68 -0.517281 0.253713 0.817424 0.424355 1 5.5863 4.67498 -2.37431 -1.28407 -0.911329
32.72 -0.519699 0.168883 0.836002 0.477371 1 5.18323 5.24121 -2.06055 -1.36675 0.0579794
32.76 -0.516814 0.0817663 0.845883 0.533518 1 4.78033 5.74055 -1.6957 -1.44056 0.96022
32.8 -0.509034 -0.00623547 0.846257 0.592386 1 4.38158 6.16783 -1.28359 -1.50285 1.78624
32.84 -0.496812 -0.093718 0.836458 0.653461 1 3.99061 6.51926 -0.829152 -1.55091 2.52865
32.88 -0.480635 -0.179306 0.815991 0.716119 1 3.61067 6.79254 -0.338309 -1.58202 3.18186
32.92 -0.461022 -0.261679 0.784549 0.779631 1 3.24465 6.98677 0.182118 -1.59355 3.74212
32.96 -0.438503 -0.339602 0.74203 0.843161 1 2.895 7.10247 0.724553 -1.58296 4.20747
33 -0.413617 -0.411945 0.688545 0.905779 1 2.56378 7.14149 1.28082 -1.54794 4.57771
33.04 -0.386899 -0.477707 0.624426 0.966467 1 2.25262 7.10691 1.84232 -1.48642 4.85429
33.08 -0.358871 -0.536033 0.550225 1.02413 1 1.96274 7.00295 2.40018 -1.39667 5.04021
33.12 -0.330034 -0.586231 0.466714 1.07761 1 1.69496 6.83483 2.94551 -1.27734 5.13987
33.16 -0.300861 -0.627776 0.37487 1.12571 1 1.44973 6.60862 3.46952 -1.12755 5.15889
33.2 -0.271789 -0.660325 0.275864 1.1672 1 1.22714 6.33106 3.96377 -0.946913 5.10393
33.24 -0.243218 -0.683711 0.171038 1.20085 1 1.02695 6.00945 4.42032 -0.735588 4.9825
33.28 -0.215499 -0.697949 0.0618856 1.22544 1 0.848649 5.6514 4.83191 -0.494318 4.80275
33.32 -0.18894 -0.703222 -0.0499816 1.23982 1 0.691443 5.26472 5.19213 -0.224448 4.57328
33.36 -0.163796 -0.699878 -0.162862 1.24287 1 0.554334 4.85724 5.49555 0.07206 4.30291
33.4 -0.140275 -0.688413 -0.274998 1.23357 1 0.436141 4.43663 5.73784 0.392633 4.00049
33.44 -0.118533 -0.669458 -0.384618 1.21104 1 0.335542 4.01025 5.91583 0.734098 3.67471
33.48 -0.09868 -0.643756 -0.489965 1.1745 1 0.25111 3.58507 6.02765 1.09271 3.33396
33.52 -0.0807771 -0.612145 -0.589343 1.12336 1 0.181355 3.16747 6.07267 1.4642 2.98612
33.56 -0.0648444 -0.575534 -0.681148 1.0572 1 0.124752 2.76321 6.05156 1.84382 2.63846
33.6 -0.0508622 -0.534882 -0.763908 0.975799 1 0.0797762 2.37732 5.96625 2.2264 2.29755
33.64 -0.0387761 -0.491171 -0.836314 0.879142 1 0.0449336 2.01405 5.81988 2.60647 1.96911
33.68 -0.0285015 -0.445386 -0.89725 0.767447 1 0.0187827 1.67681 5.61671 2.97829 1.65803
33.72 -0.0199289 -0.39849 -0.945822 0.641161 1 -4.23145e-05 1.36823 5.362 3.33597 1.36827
33.76 -0.0129289 -0.351405 -0.981376 0.50097 1 -0.0128142 1.09006 5.06188 3.6736 1.10287
33.8 -0.00735737 -0.304993 -1.00352 0.347792 1 -0.0206995 0.843283 4.72322 3.9853 0.863983
33.84 -0.00306057 -0.260038 -1.01212 0.182778 1 -0.024749 0.628125 4.35343 4.26538 0.652874
33.88 0.000120205 -0.217233 -1.00733 0.00730195 1 -0.0258919 0.444112 3.9603 4.50843 0.470004
33.92 0.00234413 -0.177169 -0.989564 -0.177055 1 -0.024934 0.290151 3.55179 4.70942 0.315085
33.96 0.00376686 -0.140326 -0.959516 -0.368519 1 -0.0225586 0.16461 3.13586 4.8638 0.187169
34 0.00453711 -0.10707 -0.91812 -0.565148 1 -0.0193309 0.0654137 2.72028 4.96764 0.0847446
34.04 0.0047937 -0.0776494 -0.866548 -0.764854 1 -0.015704 -0.00986655 2.31242 5.01765 0.00583743
34.08 0.00466327 -0.0522005 -0.806178 -0.965433 1 -0.012028 -0.0639096 1.91911 5.01132 -0.0518816
34.12 0.00425856 -0.030749 -0.738568 -1.1646 1 -0.00856009 -0.0995504 1.54647 4.94694 -0.0909904
34.16 0.00367728 -0.0132199 -0.665421 -1.36001 1 -0.00547542 -0.119687 1.19977 4.82367 -0.114211
34.2 0.00300162 0.000552751 -0.58855 -1.54932 1 -0.00287931 -0.127192 0.883338 4.64158 -0.124312
34.24 0.00229817 0.0108132 -0.509831 -1.73018 1 -0.000819274 -0.124838 0.60044 4.40166 -0.124019
34.28 0.00161846 0.0178696 -0.431172 -1.90033 1 0.000703127 -0.115231 0.353247 4.10581 -0.115934
34.32 0.000999787 0.0220783 -0.354462 -2.05758 1 0.00172084 -0.100749 0.14279 3.75686 -0.10247
34.36 0.000466478 0.023828 -0.281531 -2.19989 1 0.00229078 -0.0835086 -0.0310407 3.3585 -0.0857993
34.4 3.13303e-05 0.0235227 -0.214114 -2.32537 1 0.00248428 -0.0653323 -0.169462 2.91524 -0.0678166
34.44 -0.000302732 0.0215653 -0.153802 -2.43232 1 0.00237879 -0.0477355 -0.274745 2.43237 -0.0501143
34.48 -0.000540938 0.0183425 -0.102016 -2.51928 1 0.00205085 -0.0319262 -0.350131 1.91583 -0.0339771
34.52 -0.00069494 0.01421 -0.0599693 -2.58504 1 0.00157046 -0.0188183 -0.399723 1.37217 -0.0203887
34.56 -0.000781169 0.00947999 -0.0286395 -2.62865 1 0.000996698 -0.00905527 -0.428351 0.808415 -0.010052
34.6 -0.000819332 0.00441024 -0.00874892 -2.64946 1 0.00037458 -0.00304575 -0.441423 0.231935 -0.00342033
34.64 -0.000831115 -0.000804089 -0.000746601 -2.64711 1 -0.000266952 -0.00100649 -0.444762 -0.349643 -0.000739537
34.68 -0.000839148 -0.00603641 -0.00479769 -2.62154 1 -0.000916187 -0.00301224 -0.444432 -0.928584 -0.00209606
34.72 -0.000866247 -0.0112318 -0.0207797 -2.57303 1 -0.00157908 -0.00904971 -0.44655 -1.49717 -0.00747063
34.76 -0.000934982 -0.0164071 -0.0482847 -2.50213 1 -0.00227922 -0.0190732 -0.45711 -2.04784 -0.016794
34.8 -0.00106754 -0.0216489 -0.0866286 -2.4097 1 -0.0030576 -0.0330599 -0.481801 -2.5733 -0.0300023
34.84 -0.00128592 -0.0271078 -0.134866 -2.2969 1 -0.0039724 -0.0510617 -0.525836 -3.06667 -0.0470893
34.88 -0.00161237 -0.0329912 -0.191812 -2.16514 1 -0.00509897 -0.0732524 -0.593792 -3.52156 -0.0681534
34.92 -0.0020701 -0.0395527 -0.256067 -2.01606 1 -0.00653035 -0.0999667 -0.689473 -3.93222 -0.0934363
34.96 -0.0026842 -0.0470808 -0.32605 -1.85155 1 -0.00837836 -0.131731 -0.815782 -4.29363 -0.123353
35 -0.00348263 -0.0558847 -0.400033 -1.67364 1 -0.0107754 -0.169284 -0.974627 -4.60153 -0.158508
35.04 -0.00449733 -0.0662799 -0.476181 -1.48456 1 -0.0138772 -0.213581 -1.16685 -4.85255 -0.199703
35.08 -0.00576533 -0.0785729 -0.55259 -1.28663 1 -0.0178664 -0.265794 -1.39218 -5.04421 -0.247928
35.12 -0.00732973 -0.093045 -0.627334 -1.08224 1 -0.0229564 -0.327292 -1.64922 -5.175 -0.304335
35.16 -0.00924051 -0.109937 -0.698505 -0.873856 1 -0.0293973 -0.399609 -1.93546 -5.24433 -0.370212
35.2 -0.0115552 -0.129437 -0.764256 -0.663918 1 -0.0374807 -0.484405 -2.24732 -5.25258 -0.446924
35.24 -0.0143392 -0.151661 -0.822841 -0.454846 1 -0.0475459 -0.583409 -2.58025 -5.20106 -0.535863
35.28 -0.0176654 -0.176648 -0.872658 -0.248985 1 -0.0599861 -0.698358 -2.92877 -5.09198 -0.638372
35.32 -0.0216143 -0.204348 -0.912279 -0.0485779 1 -0.0752542 -0.830925 -3.28667 -4.92837 -0.755671
35.36 -0.0262725 -0.234614 -0.940485 0.14427 1 -0.0938679 -0.98264 -3.64708 -4.71404 -0.888772
35.4 -0.0317316 -0.267198 -0.95629 0.327621 1 -0.116414 -1.15481 -4.00268 -4.45348 -1.0384
35.44 -0.0380862 -0.301749 -0.958963 0.499726 1 -0.143553 -1.34845 -4.34588 -4.1518 -1.20489
35.48 -0.0454315 -0.33782 -0.948045 0.659053 1 -0.176016 -1.56416 -4.66898 -3.81456 -1.38815
35.52 -0.0538606 -0.374865 -0.923355 0.804299 1 -0.214611 -1.80212 -4.96436 -3.44774 -1.58751
35.56 -0.0634614 -0.412252 -0.884995 0.934405 1 -0.260214 -2.06197 -5.22469 -3.05756 -1.80175
35.6 -0.0743126 -0.449274 -0.833347 1.04856 1 -0.313767 -2.34274 -5.44311 -2.65042 -2.02897
35.64 -0.0864807 -0.485159 -0.769063 1.14623 1 -0.376268 -2.64287 -5.61339 -2.23272 -2.2666
35.68 -0.100015 -0.519092 -0.693047 1.2271 1 -0.448759 -2.96011 -5.73011 -1.81083 -2.51135
35.72 -0.114945 -0.550227 -0.606438 1.29113 1 -0.532315 -3.29155 -5.78878 -1.39088 -2.75924
35.76 -0.131275 -0.577711 -0.510583 1.33853 1 -0.628021 -3.63361 -5.786 -0.978743 -3.00559
35.8 -0.148981 -0.600704 -0.407004 1.3697 1 -0.736958 -3.98204 -5.71951 -0.579904 -3.24508
35.84 -0.168008 -0.6184 -0.297368 1.38528 1 -0.860172 -4.33201 -5.5883 -0.199375 -3.47184
35.88 -0.188266 -0.630049 -0.183448 1.3861 1 -0.998657 -4.67812 -5.39261 0.158367 -3.67947
35.92 -0.209626 -0.634979 -0.0670865 1.37315 1 -1.15332 -5.01452 -5.13399 0.489443 -3.8612
35.96 -0.231923 -0.632613 0.0498468 1.34755 1 -1.32495 -5.33498 -4.81525 0.790616 -4.01003
36 -0.25495 -0.622491 0.165492 1.31055 1 -1.5142 -5.63301 -4.44041 1.05932 -4.11881
36.04 -0.278459 -0.604285 0.278038 1.26349 1 -1.72154 -5.902 -4.01461 1.29367 -4.18046
36.08 -0.302165 -0.577812 0.385761 1.20776 1 -1.94722 -6.13534 -3.54405 1.49249 -4.18811
36.12 -0.325742 -0.543043 0.487057 1.14481 1 -2.19129 -6.32657 -3.03583 1.65527 -4.13528
36.16 -0.348833 -0.500114 0.580474 1.07606 1 -2.4535 -6.46956 -2.49777 1.78214 -4.01606
36.2 -0.371045 -0.449325 0.664739 1.00294 1 -2.73332 -6.55862 -1.93831 1.87385 -3.8253
36.24 -0.391962 -0.391144 0.738778 0.92683 1 -3.0299 -6.58867 -1.36627 1.93174 -3.55876
36.28 -0.411145 -0.326199 0.80174 0.849042 1 -3.34207 -6.5554 -0.790692 1.95763 -3.21332
36.32 -0.428142 -0.25527 0.853002 0.770814 1 -3.6683 -6.45538 -0.220635 1.95379 -2.78707
36.36 -0.442494 -0.179277 0.892179 0.693281 1 -4.00672 -6.2862 0.335022 1.92287 -2.27948
36.4 -0.453743 -0.0992681 0.919128 0.617467 1 -4.35509 -6.04657 0.867769 1.86781 -1.69148
36.44 -0.461439 -0.0163929 0.933937 0.544275 1 -4.71082 -5.7364 1.36964 1.79176 -1.02558
36.48 -0.465154 0.0681132 0.936923 0.474479 1 -5.07099 -5.35687 1.83337 1.69803 -0.285879
36.52 -0.464486 0.152956 0.928614 0.408719 1 -5.43235 -4.91046 2.25258 1.58998 0.521884
36.56 -0.459069 0.23681 0.909729 0.347501 1 -5.79133 -4.40097 2.62186 1.47094 1.39036
36.6 -0.448585 0.318342 0.88116 0.291198 1 -6.14414 -3.83348 2.93687 1.3442 2.31066
36.64 -0.43277 0.396245 0.84394 0.240056 1 -6.48673 -3.21435 3.19447 1.21288 3.27238
36.68 -0.411422 0.469262 0.799222 0.194201 1 -6.81486 -2.55108 3.39271 1.0799 4.26378
36.72 -0.384411 0.536216 0.748241 0.153644 1 -7.12421 -1.85228 3.53087 0.947941 5.27193
36.76 -0.351679 0.596036 0.692291 0.118297 1 -7.41033 -1.12747 3.60946 0.819396 6.28286
36.8 -0.313255 0.647782 0.632687 0.0879827 1 -7.66879 -0.386982 3.63015 0.696339 7.28181
36.84 -0.269248 0.690664 0.570738 0.0624457 1 -7.89521 0.358236 3.59573 0.580509 8.25344
36.88 -0.219858 0.724066 0.507718 0.0413696 1 -8.08532 1.09682 3.51001 0.473299 9.18214
36.92 -0.165373 0.747555 0.444837 0.0243886 1 -8.23506 1.81717 3.37769 0.375751 10.0522
36.96 -0.106168 0.760896 0.383215 0.0111021 1 -8.34061 2.5077 3.20424 0.288569 10.8483
37 -0.042705 0.76406 0.323867 0.00108813 1 -8.39848 3.15705 2.99575 0.212131 11.5555
37.04 0.0244736 0.757222 0.267679 -0.00608472 1 -8.40557 3.7543 2.75874 0.146512 12.1599
37.08 0.0947479 0.740761 0.215397 -0.0108452 1 -8.35923 4.28918 2.50002 0.0915109 12.6484
37.12 0.167429 0.715255 0.167618 -0.0136092 1 -8.25732 4.75232 2.22649 0.0466893 13.0096
37.16 0.241769 0.681466 0.124785 -0.014771 1 -8.09826 5.13542 1.94497 0.0114031 13.2337
37.2 0.316966 0.640326 0.0871848 -0.014696 1 -7.88108 5.43144 1.66206 -0.0151549 13.3125
37.24 0.392182 0.592918 0.0549554 -0.0137146 1 -7.60543 5.63476 1.38391 -0.0339155 13.2402
37.28 0.466549 0.540451 0.0280905 -0.0121184 1 -7.27164 5.74131 1.11616 -0.0458921 13.0129
37.32 0.539186 0.484237 0.00645234 -0.0101577 1 -6.88071 5.74866 0.863755 -0.0521422 12.6294
37.36 0.60921 0.425657 -0.0102137 -0.00804029 1 -6.43433 5.65614 0.630845 -0.0537303 12.0905
37.4 0.67575 0.366137 -0.0222618 -0.00593179 1 -5.93486 5.46481 0.420722 -0.0516949 11.3997
37.44 0.737964 0.307109 -0.0301256 -0.00395749 1 -5.38535 5.17756 0.235743 -0.0470201 10.5629
37.48 0.795046 0.249988 -0.034298 -0.00220486 1 -4.78946 4.79896 0.0773046 -0.0406114 9.58842
37.52 0.846248 0.196132 -0.0353084 -0.000727091 1 -4.15149 4.3353 -0.0541646 -0.0332772 8.48679
37.56 0.890884 0.146815 -0.0337011 0.000452779 1 -3.47626 3.79443 -0.159181 -0.0257163 7.27069
37.6 0.928348 0.103201 -0.0300136 0.00133732 1 -2.76912 3.18567 -0.239157 -0.0185108 5.95479
37.64 0.95812 0.0663117 -0.0247565 0.00195003 1 -2.03585 2.51959 -0.296332 -0.0121245 4.55544
37.68 0.979779 0.0370079 -0.0183943 0.00233066 1 -1.28258 1.80788 -0.33367 -0.00690702 3.09046
37.72 0.993005 0.0159681 -0.0113298 0.00253085 1 -0.515758 1.0631 -0.354752 -0.0031026 1.57886
37.76 0.997592 0.00367327 -0.00389036 0.00261016 1 0.257992 0.298481 -0.363639 -0.000862864 0.0404894
37.8 0.993446 0.000395592 0.00368257 0.00263268 1 1.03191 -0.472349 -0.364729 -0.000263295 -1.50426
37.84 0.980588 0.0061921 0.01124 0.00266439 1 1.79922 -1.23561 -0.362604 -0.0013221 -3.03483
37.88 0.959157 0.0209031 0.0187285 0.00277125 1 2.55321 -1.97761 -0.361872 -0.0040207 -4.53081
37.92 0.929405 0.0441557 0.0261899 0.00301816 1 3.28729 -2.68502 -0.367006 -0.00832488 -5.97231
37.96 0.891694 0.0753717 0.0337568 0.00346876 1 3.99516 -3.34513 -0.382195 -0.0142055 -7.34029
38 0.846492 0.113781 0.0416451 0.00418603 1 4.6708 -3.94607 -0.411192 -0.0216576 -8.61687
38.04 0.794364 0.158437 0.0501423 0.00523354 1 5.3086 -4.47702 -0.457187 -0.0307181 -9.78562
38.08 0.735961 0.208241 0.0595942 0.00667748 1 5.90344 -4.92845 -0.522687 -0.0414789 -10.8319
38.12 0.672013 0.261964 0.0703878 0.00858901 1 6.45072 -5.29225 -0.609417 -0.0540976 -11.743
38.16 0.603316 0.318276 0.0829333 0.011047 1 6.94645 -5.56191 -0.718248 -0.068803 -12.5084
38.2 0.530719 0.375773 0.0976439 0.014141 1 7.38725 -5.7326 -0.849142 -0.0858958 -13.1198
38.24 0.45511 0.433014 0.114916 0.0179738 1 7.77044 -5.80128 -1.00113 -0.105745 -13.5717
38.28 0.377402 0.488545 0.135106 0.0226642 1 8.09404 -5.76673 -1.17232 -0.128777 -13.8608
38.32 0.29852 0.540941 0.158515 0.0283491 1 8.35677 -5.62957 -1.35991 -0.155464 -13.9863
38.36 0.219384 0.58883 0.185364 0.0351844 1 8.55808 -5.3922 -1.56025 -0.186302 -13.9503
38.4 0.140898 0.630928 0.215782 0.0433462 1 8.69813 -5.05877 -1.76893 -0.22179 -13.7569
38.44 0.063934 0.666063 0.249788 0.05303 1 8.77774 -4.63508 -1.98088 -0.262401 -13.4128
38.48 -0.0106783 0.693208 0.28728 0.0644491 1 8.79844 -4.12842 -2.19047 -0.308556 -12.9269
38.52 -0.0821662 0.711495 0.328027 0.077832 1 8.76236 -3.54745 -2.39171 -0.360588 -12.3098
38.56 -0.149822 0.72024 0.371666 0.0934181 1 8.67218 -2.90203 -2.57832 -0.418717 -11.5742
38.6 -0.213015 0.718955 0.417698 0.111453 1 8.53115 -2.20294 -2.74397 -0.483011 -10.7341
38.64 -0.271195 0.707359 0.465495 0.13218 1 8.34293 -1.46177 -2.88243 -0.553363 -9.8047
38.68 -0.323903 0.685384 0.514305 0.155837 1 8.11162 -0.690597 -2.98769 -0.629459 -8.80221
38.72 -0.370772 0.653171 0.563265 0.182641 1 7.84159 0.0981802 -3.05423 -0.710759 -7.74341
38.76 -0.411531 0.611075 0.611416 0.212786 1 7.53751 0.892124 -3.07706 -0.796477 -6.64539
38.8 -0.446006 0.559648 0.657723 0.246427 1 7.20419 1.67897 -3.05197 -0.885569 -5.52521
38.84 -0.474121 0.499631 0.701097 0.283673 1 6.84653 2.44687 -2.97561 -0.976729 -4.39966
38.88 -0.495889 0.431934 0.740419 0.324575 1 6.46949 3.18457 -2.84561 -1.06839 -3.28491
38.92 -0.511415 0.357617 0.774566 0.369117 1 6.07794 3.88165 -2.66068 -1.15873 -2.1963
38.96 -0.520889 0.277867 0.802441 0.417206 1 5.67669 4.52866 -2.42067 -1.24571 -1.14803
39 -0.524574 0.19397 0.823002 0.468661 1 5.27031 5.11728 -2.12659 -1.32706 -0.153032
39.04 -0.522806 0.107285 0.835288 0.52321 1 4.86319 5.64047 -1.78066 -1.40036 0.77728
39.08 -0.515978 0.0192105 0.838448 0.580479 1 4.45942 6.09254 -1.38623 -1.46307 1.63312
39.12 -0.504535 -0.0688392 0.831767 0.639991 1 4.06274 6.46918 -0.947809 -1.51254 2.40644
39.16 -0.488962 -0.155469 0.81469 0.701164 1 3.67657 6.76759 -0.470913 -1.54613 3.09102
39.2 -0.469775 -0.239328 0.786841 0.763311 1 3.3039 6.98636 0.0379919 -1.5612 3.68246
39.24 -0.447508 -0.319141 0.74804 0.82564 1 2.94735 7.12556 0.57163 -1.55525 4.17821
39.28 -0.422706 -0.393729 0.698318 0.887264 1 2.6091 7.1866 1.12206 -1.52593 4.5775
39.32 -0.395912 -0.462037 0.637922 0.947205 1 2.2909 7.17219 1.68085 -1.47113 4.88129
39.36 -0.367661 -0.523147 0.567318 1.00441 1 1.9941 7.08622 2.23923 -1.38903 5.09212
39.4 -0.338466 -0.576301 0.48719 1.05775 1 1.71962 6.93363 2.78832 -1.27819 5.21401
39.44 -0.308819 -0.620908 0.398435 1.10607 1 1.46802 6.72029 3.31928 -1.13758 5.25227
39.48 -0.279173 -0.656553 0.302143 1.14815 1 1.23947 6.45282 3.82352 -0.966684 5.21335
39.52 -0.249945 -0.683004 0.199587 1.1828 1 1.0338 6.13841 4.2929 -0.76547 5.10461
39.56 -0.221508 -0.700207 0.0921983 1.2088 1 0.850547 5.78471 4.71989 -0.534491 4.93416
39.6 -0.194188 -0.708285 -0.0184632 1.22498 1 0.688965 5.39956 5.09774 -0.274886 4.71059
39.64 -0.168259 -0.707529 -0.130735 1.23025 1 0.548081 4.99091 5.42063 0.0116008 4.44283
39.68 -0.143946 -0.698385 -0.242887 1.22356 1 0.426727 4.56661 5.68378 0.322619 4.13989
39.72 -0.121425 -0.681441 -0.353159 1.20401 1 0.323576 4.13427 5.88359 0.655217 3.81069
39.76 -0.100818 -0.657408 -0.459792 1.17079 1 0.23719 3.70109 6.01765 1.00587 3.4639
39.8 -0.0822027 -0.627098 -0.561072 1.12326 1 0.166049 3.27378 6.08486 1.37051 3.10773
39.84 -0.0656101 -0.591407 -0.655365 1.06096 1 0.108594 2.85841 6.08538 1.74458 2.74981
39.88 -0.0510304 -0.551287 -0.741153 0.983603 1 0.0632558 2.46036 6.02068 2.1231 2.3971
39.92 -0.0384169 -0.507725 -0.817069 0.891126 1 0.0284875 2.08422 5.89342 2.50072 2.05573
39.96 -0.0276902 -0.46172 -0.881925 0.783675 1 0.00279156 1.73378 5.70744 2.87184 1.73099
40 -0.018744 -0.414258 -0.934747 0.661625 1 -0.0152575 1.41196 5.46764 3.23066 1.42722
