t 1 2 3 4 5 6 7 8 9 10 11
0 -0.878441 -10 -0.100005 0 -0.200003 -0.0912211 0 -0.182434 -0.900003 10 10
1.256e-05 5.01011 -10 298913 1 262.09 15.6429 1 5.7698 -123.855 10 10
2.512e-05 9.95473 -10 290562 1 501.632 20.2542 1 10.7319 3.27327 10 10
3.768e-05 9.97243 -10 277989 1 -5154.88 19.8751 1 10.7539 -5399.34 10 10
5.024e-05 9.6715 -10 276370 1 481.288 19.2286 1 10.4384 5.41964 10 10
6.28e-05 9.97097 -10 267433 1 463.657 19.1895 1 10.7507 4.35833 10 10
7.536e-05 9.96388 -10 255071 1 -5538.37 18.8003 1 10.7406 -5763.09 10 10
8.792e-05 9.89554 -10 254375 1 443.845 18.4115 1 10.6629 5.78626 10 10
0.00010048 9.96266 -10 246150 1 427.611 18.1659 1 10.7379 4.80663 10 10
0.00011304 9.892 -10 234772 1 -5096.72 17.7898 1 10.658 -5303.62 10 10
0.0001256 9.96075 -10 234131 1 409.377 17.5612 1 10.7343 6.12093 10 10
0.00013816 9.88877 -10 226560 1 394.435 17.1988 1 10.6535 5.21926 10 10
0.00015072 9.95858 -10 216088 1 -4690.25 16.9858 1 10.7304 -4880.73 10 10
0.00016328 9.88588 -10 215498 1 377.652 16.6368 1 10.6493 6.42896 10 10
0.00017584 9.95616 -10 208530 1 363.899 16.4382 1 10.7263 5.59906 10 10
0.0001884 9.88328 -10 198891 1 -4316.12 16.1026 1 10.6455 -4491.51 10 10
0.00020096 9.95344 -10 198348 1 348.452 15.9171 1 10.7219 6.71248 10 10
0.00021352 9.88088 -10 191934 1 335.793 15.5947 1 10.6419 5.94862 10 10
0.00022608 9.95041 -10 183062 1 -3971.76 15.4211 1 10.7172 -4133.25 10 10
0.00023864 9.87858 -10 182563 1 321.575 15.1117 1 10.6384 6.97343 10 10
0.0002512 9.94702 -10 176659 1 309.924 14.949 1 10.7121 6.27037 10 10
0.00026376 9.87625 -10 168494 1 -3654.82 14.6523 1 10.635 -3803.52 10 10
0.00027632 9.94322 -10 168034 1 296.838 14.4995 1 10.7066 7.21362 10 10
0.00028888 9.87378 -10 162600 1 286.114 14.2153 1 10.6314 6.56651 10 10
0.00030144 9.93896 -10 155084 1 -3363.09 14.0715 1 10.7007 -3500.02 10 10
0.000314 9.87103 -10 154661 1 274.069 13.7994 1 10.6276 7.43469 10 10
0.00032656 9.93413 -10 149660 1 264.199 13.6638 1 10.6943 6.83908 10 10
0.00033912 9.86786 -10 142742 1 -3094.59 13.4035 1 10.6234 -3220.68 10 10
0.00035168 9.92862 -10 142353 1 253.113 13.2753 1 10.6872 7.63817 10 10
0.00036424 9.86411 -10 137750 1 244.028 13.0264 1 10.6186 7.08996 10 10
0.0003768 9.92226 -10 131383 1 -2847.45 12.9049 1 10.6793 -2963.57 10 10
0.00038936 9.85953 -10 131024 1 233.824 12.6669 1 10.613 7.82545 10 10
0.00040192 9.91475 -10 126787 1 225.462 12.5514 1 10.6702 7.32088 10 10
0.00041448 9.85378 -10 120927 1 -2619.98 12.3238 1 10.6063 -2726.92 10 10
0.00042704 9.90569 -10 120597 1 216.07 12.2135 1 10.6597 7.99782 10 10
0.0004396 9.84632 -10 116697 1 208.374 11.9958 1 10.5978 7.53341 10 10
0.00045216 9.89433 -10 111303 1 -2410.62 11.8896 1 10.6468 -2509.1 10 10
0.00046472 9.83606 -10 111000 1 199.73 11.681 1 10.5865 8.15648 10 10
0.00047728 9.8792 -10 107411 1 192.646 11.5776 1 10.6303 7.72903 10 10
0.00048984 9.82065 -10 102446 1 -2217.92 11.3763 1 10.5701 -2308.62 10 10
0.0005024 9.85669 -10 102166 1 184.689 11.2733 1 10.6064 8.30251 10 10
0.00051496 9.79311 -10 98862.7 1 178.17 11.0743 1 10.5416 7.90908 10 10
0.00052752 9.81336 -10 94293 1 -2040.55 10.9627 1 10.5616 -2124.1 10 10
0.00054008 9.71956 -10 94035.7 1 170.846 10.7409 1 10.4669 8.43692 10 10
0.00055264 9.64069 -10 90995.1 1 164.845 10.538 1 10.3874 8.07481 10 10
0.0005652 9.4015 -10 86789.1 1 -1877.3 10.18 1 10.1472 -1954.26 10 10
0.00057776 9.03152 -10 86552.3 1 158.105 9.698 1 9.77569 8.56064 10 10
0.00059032 8.53218 -10 83753.7 1 152.581 9.09482 1 9.27442 8.22734 10 10
0.00060288 7.92768 -10 79882.4 1 -1727.04 8.39587 1 8.66756 -1797.94 10 10
0.00061544 7.23323 -10 79664.4 1 146.377 7.61733 1 7.97033 8.6745 10 10
0.000628 6.46466 -10 77088.6 1 141.294 6.77581 1 7.19854 8.36773 10 10
0.00064056 5.63824 -10 73525.4 1 -1588.74 5.88809 1 6.36844 -1654.06 10 10
0.00065312 4.77035 -10 73324.8 1 135.583 4.97089 1 5.49639 8.77931 10 10
0.00066568 3.87729 -10 70954 1 130.904 4.0406 1 4.59867 8.49695 10 10
0.00067824 2.975 -10 67674.3 1 -1461.45 3.11309 1 3.69117 -1521.63 10 10
0.0006908 2.07885 -10 67489.7 1 125.648 2.20343 1 2.78922 8.87577 10 10
0.00070336 1.20345 -10 65307.5 1 121.341 1.32576 1 1.90739 8.61589 10 10
0.00071592 0.362441 -10 62288.9 1 -1344.29 0.493103 1 1.05924 -1399.73 10 10
0.00072848 -0.431651 -10 62118.9 1 116.504 -0.282794 1 0.257254 8.96456 10 10
0.00074104 -1.16755 -10 60110.5 1 112.54 -0.991558 1 -0.48736 8.72536 10 10
0.0007536 -1.83536 -10 57332.1 1 -1236.45 -1.62432 1 -1.16477 -1287.54 10 10
0.00076616 -2.42676 -10 57175.7 1 108.087 -2.17385 1 -1.76664 9.04628 10 10
0.00077872 -2.93516 -10 55327.1 1 104.439 -2.63472 1 -2.28628 8.82612 10 10
0.00079128 -3.35607 -10 52769.8 1 -1137.19 -3.00367 1 -2.71886 -1184.28 10 10
0.00080384 -3.68764 -10 52625.8 1 100.34 -3.28004 1 -3.06178 9.12149 10 10
0.0008164 -3.93128 -10 50924.3 1 96.9823 -3.46641 1 -3.31511 8.91886 10 10
0.00082896 -4.09186 -10 48570.5 1 -1045.84 -3.56874 1 -3.48207 -1089.24 10 10
0.00084152 -4.17679 -10 48438 1 93.2102 -3.5954 1 -3.56883 9.19072 10 10
0.00085408 -4.1941 -10 46872 1 90.1194 -3.55526 1 -3.58342 9.00422 10 10
0.00086664 -4.15082 -10 44705.5 1 -961.753 -3.45605 1 -3.53406 -1001.76 10 10
0.0008792 -4.05262 -10 44583.6 1 86.6475 -3.30409 1 -3.42789 9.25444 10 10
0.00089176 -3.90425 -10 43142.1 1 83.8026 -3.10473 1 -3.27087 9.08278 10 10
0.00090432 -3.71026 -10 41148.1 1 -884.36 -2.86302 1 -3.06823 -921.245 10 10
0.00091688 -3.47531 -10 41035.8 1 80.607 -2.58409 1 -2.82505 9.31309 10 10
0.00092944 -3.20439 -10 39709.1 1 77.9886 -2.27332 1 -2.54647 9.1551 10 10
0.000942 -2.9028 -10 37873.8 1 -813.126 -1.93633 1 -2.23784 -847.136 10 10
0.00095456 -2.57607 -10 37770.5 1 75.0473 -1.5789 1 -1.90472 9.36708 10 10
0.00096712 -2.22991 -10 36549.4 1 72.6372 -1.2069 1 -1.55276 9.22165 10 10
0.00097968 -1.8701 -10 34860.1 1 -747.561 -0.826188 1 -1.18772 -778.925 10 10
0.00099224 -1.50237 -10 34765 1 69.93 -0.44254 1 -0.815285 9.41676 10 10
0.0010048 -1.13237 -10 33641 1 67.7118 -0.061529 1 -0.44106 9.28291 10 10
0.00101736 -0.765507 -10 32086.2 1 -687.214 0.31154 1 -0.0704316 -716.143 10 10
0.00102992 -0.406941 -10 31998.7 1 65.2201 0.671707 1 0.291489 9.46249 10 10
0.00104248 -0.0614613 -10 30964.2 1 63.1784 1.01442 1 0.639938 9.3393 10 10
0.00105504 0.266554 -10 29533.1 1 -631.67 1.3356 1 0.970564 -658.357 10 10
0.0010676 0.57319 -10 29452.6 1 60.8849 1.63165 1 1.27947 9.50458 10 10
0.00108016 0.855038 -10 28500.4 1 59.0057 1.89956 1 1.56328 9.3912 10 10
0.00109272 1.10923 -10 27183.2 1 -580.547 2.13686 1 1.81914 -605.171 10 10
0.00110528 1.33344 -10 27109.1 1 56.8948 2.34165 1 2.04474 9.54333 10 10
0.00111784 1.52593 -10 26232.7 1 55.1652 2.51262 1 2.23836 9.43896 10 10
0.0011304 1.68552 -10 25020.3 1 -533.492 2.64906 1 2.39882 -556.217 10 10
0.00114296 1.81158 -10 24952.1 1 53.2222 2.75079 1 2.52553 9.57898 10 10
0.00115552 1.90405 -10 24145.4 1 51.6303 2.81818 1 2.61842 9.48293 10 10
0.00116808 1.96337 -10 23029.5 1 -490.182 2.8521 1 2.67795 -511.159 10 10
0.00118064 1.99046 -10 22966.7 1 49.8419 2.85389 1 2.70505 9.6118 10 10
0.0011932 1.98671 -10 22224.3 1 48.3767 2.82531 1 2.70112 9.5234 10 10
0.00120576 1.95388 -10 21197.2 1 -450.319 2.76851 1 2.66794 -469.687 10 10
0.00121832 1.89413 -10 21139.4 1 46.7307 2.68594 1 2.60767 9.64201 10 10
0.00123088 1.80989 -10 20456.1 1 45.382 2.58033 1 2.52275 9.56064 10 10
0.00124344 1.70386 -10 19510.7 1 -413.629 2.45464 1 2.4159 -431.516 10 10
0.001256 1.57892 -10 19457.5 1 43.867 2.31194 1 2.29002 9.66982 10 10
0.00126856 1.43811 -10 18828.6 1 42.6257 2.15545 1 2.14815 9.59492 10 10
0.00128112 1.28453 -10 17958.4 1 -379.859 1.9884 1 1.99341 -396.383 10 10
0.00129368 1.12133 -10 17909.5 1 41.2313 1.81401 1 1.82896 9.69541 10 10
0.00130624 0.951627 -10 17330.6 1 40.0888 1.63544 1 1.65794 9.62648 10 10
0.0013188 0.778466 -10 16529.7 1 -348.776 1.45574 1 1.48341 -364.045 10 10
0.00133136 0.604775 -10 16484.6 1 38.8053 1.27781 1 1.30833 9.71896 10 10
0.00134392 0.433321 -10 15951.8 1 37.7537 1.10434 1 1.13547 9.65552 10 10
0.00135648 0.266674 -10 15214.7 1 -320.167 0.937809 1 0.967427 -334.282 10 10
0.00136904 0.107177 -10 15173.2 1 36.5724 0.780432 1 0.806571 9.74064 10 10
0.0013816 -0.0430817 -10 14682.8 1 35.6045 0.634145 1 0.65501 9.68225 10 10
0.00139416 -0.182288 -10 14004.3 1 -293.835 0.500592 1 0.51458 -306.887 10 10
0.00140672 -0.308916 -10 13966.1 1 34.5172 0.381111 1 0.386827 9.7606 10 10
0.00141928 -0.421735 -10 13514.8 1 33.6264 0.276734 1 0.273003 9.70685 10 10
0.00143184 -0.519809 -10 12890.3 1 -269.598 0.188188 1 0.174056 -281.672 10 10
0.0014444 -0.602498 -10 12855.1 1 32.6256 0.115902 1 0.0906413 9.77897 10 10
0.00145696 -0.669445 -10 12439.7 1 31.8057 0.0600202 1 0.0231251 9.7295 10 10
0.00146952 -0.720563 -10 11864.9 1 -247.291 0.020418 1 -0.0284017 -258.464 10 10
0.00148208 -0.756022 -10 11832.6 1 30.8845 -0.00327636 1 -0.0641058 9.79587 10 10
0.00149464 -0.77622 -10 11450.2 1 30.1298 -0.0116598 1 -0.0843916 9.75034 10 10
0.0015072 -0.781771 -10 10921.1 1 -226.758 -0.00552894 1 -0.0898783 -237.103 10 10
0.00151976 -0.773472 -10 10891.4 1 29.282 0.0141456 1 -0.0813757 9.81143 10 10
0.00153232 -0.752286 -10 10539.4 1 28.5874 0.0462462 1 -0.0598582 9.76953 10 10
0.00154488 -0.71931 -10 10052.4 1 -207.86 0.0895351 1 -0.0264388 -217.442 10 10
0.00155744 -0.675753 -10 10025.1 1 27.807 0.142681 1 0.0176566 9.82575 10 10
0.00157 -0.622909 -10 9701.11 1 27.1677 0.204284 1 0.0711158 9.78718 10 10
0.00158256 -0.562135 -10 9252.9 1 -190.466 0.272904 1 0.132564 -199.346 10 10
0.00159512 -0.494827 -10 9227.71 1 26.4494 0.347077 1 0.200591 9.83893 10 10
0.00160768 -0.422393 -10 8929.55 1 25.861 0.425348 1 0.27377 9.80344 10 10
0.00162024 -0.346239 -10 8517.01 1 -174.456 0.506283 1 0.350683 -182.69 10 10
0.0016328 -0.26774 -10 8493.82 1 25.1999 0.588494 1 0.429938 9.85106 10 10
0.00164536 -0.18823 -10 8219.39 1 24.6583 0.670653 1 0.510191 9.8184 10 10
0.00165792 -0.108979 -10 7839.67 1 -159.721 0.751512 1 0.590161 -167.36 10 10
0.00167048 -0.0311799 -10 7818.33 1 24.0498 0.829914 1 0.668646 9.86223 10 10
0.00168304 0.0440632 -10 7565.75 1 23.5513 0.904804 1 0.744535 9.83216 10 10
0.0016956 0.115749 -10 7216.25 1 -146.158 0.975242 1 0.816819 -153.249 10 10
0.00170816 0.182988 -10 7196.61 1 22.9912 1.04041 1 0.884605 9.87251 10 10
0.00172072 0.245007 -10 6964.13 1 22.5324 1.09961 1 0.947114 9.84484 10 10
0.00173328 0.301158 -10 6642.44 1 -133.674 1.15229 1 1.0037 -140.262 10 10
0.00174584 0.350917 -10 6624.37 1 22.0169 1.19801 1 1.05383 9.88197 10 10
0.0017584 0.393888 -10 6410.39 1 21.5946 1.23647 1 1.09711 9.8565 10 10
0.00177096 0.429803 -10 6114.29 1 -122.184 1.2675 1 1.13327 -128.308 10 10
0.00178352 0.458515 -10 6097.66 1 21.1201 1.29106 1 1.16217 9.89068 10 10
0.00179608 0.479997 -10 5900.72 1 20.7314 1.3072 1 1.18378 9.86724 10 10
0.00180864 0.494333 -10 5628.18 1 -111.609 1.3161 1 1.19819 -117.306 10 10
0.0018212 0.501716 -10 5612.88 1 20.2947 1.31806 1 1.20559 9.89869 10 10
0.00183376 0.502431 -10 5431.61 1 19.937 1.31343 1 1.20627 9.87712 10 10
0.00184632 0.496852 -10 5180.76 1 -101.875 1.30267 1 1.2006 -107.179 10 10
0.00185888 0.48543 -10 5166.68 1 19.535 1.28629 1 1.18905 9.90607 10 10
0.00187144 0.468677 -10 4999.84 1 19.2057 1.26489 1 1.17213 9.88621 10 10
0.001884 0.447162 -10 4768.94 1 -92.9155 1.23907 1 1.1504 -97.8586 10 10
0.00189656 0.421494 -10 4755.99 1 18.8357 1.20949 1 1.1245 9.91286 10 10
0.00190912 0.392311 -10 4602.43 1 18.5327 1.17683 1 1.09505 9.89458 10 10
0.00192168 0.360269 -10 4389.9 1 -84.6693 1.14178 1 1.06272 -89.2796 10 10
0.00193424 0.326031 -10 4377.98 1 18.1921 1.10501 1 1.02818 9.91911 10 10
0.0019468 0.290256 -10 4236.64 1 17.9132 1.0672 1 0.992095 9.90229 10 10
0.00195936 0.253588 -10 4041.03 1 -77.0794 1.029 1 0.955109 -81.3833 10 10
0.00197192 0.216647 -10 4030.06 1 17.5997 0.991006 1 0.91785 9.92486 10 10
0.00198448 0.180022 -10 3899.97 1 17.343 0.95381 1 0.880911 9.90938 10 10
0.00199704 0.144262 -10 3719.92 1 -70.0935 0.917939 1 0.844846 -74.1155 10 10
0.0020096 0.109872 -10 3709.83 1 17.0545 0.883871 1 0.810163 9.93015 10 10
0.00202216 0.0773022 -10 3590.1 1 16.8182 0.852028 1 0.77732 9.91591 10 10
0.00203472 0.0469521 -10 3424.37 1 -63.6637 0.822773 1 0.746716 -67.4262 10 10
0.00204728 0.0191608 -10 3415.08 1 16.5527 0.796408 1 0.718695 9.93502 10 10
0.00205984 -0.0057917 -10 3304.88 1 16.3352 0.77317 1 0.693539 9.92192 10 10
0.0020724 -0.0276862 -10 3152.34 1 -57.7455 0.753236 1 0.671469 -61.2692 10 10
0.00208496 -0.0463639 -10 3143.79 1 16.0908 0.73672 1 0.652645 9.93951 10 10
0.00209752 -0.0617253 -10 3042.36 1 15.8906 0.723676 1 0.637168 9.92744 10 10
0.00211008 -0.0737279 -10 2901.96 1 -52.2984 0.714102 1 0.625081 -55.6022 10 10
0.00212264 -0.082384 -10 2894.1 1 15.6656 0.707942 1 0.61637 9.94364 10 10
0.0021352 -0.0877567 -10 2800.74 1 15.4814 0.705089 1 0.610972 9.93253 10 10
0.00214776 -0.089956 -10 2671.5 1 -47.2847 0.705394 1 0.608775 -50.3862 10 10
0.00216032 -0.0891346 -10 2664.27 1 15.2743 0.708666 1 0.609626 9.94744 10 10
0.00217288 -0.0854824 -10 2578.35 1 15.1047 0.714681 1 0.613331 9.93722 10 10
0.00218544 -0.0792219 -10 2459.39 1 -42.6701 0.723186 1 0.619667 -45.5853 10 10
0.002198 -0.0706026 -10 2452.74 1 14.9141 0.733902 1 0.628382 9.95093 10 10
0.00221056 -0.0598953 -10 2373.65 1 14.7581 0.746535 1 0.639201 9.94153 10 10
0.00222312 -0.0473874 -10 2264.16 1 -38.4228 0.760779 1 0.651834 -41.1665 10 10
0.00223568 -0.0333767 -10 2258.04 1 14.5826 0.776319 1 0.665981 9.95415 10 10
0.00224824 -0.0181668 -10 2185.25 1 14.439 0.792842 1 0.681336 9.9455 10 10
0.0022608 -0.00206187 -10 2084.46 1 -34.5134 0.810034 1 0.697591 -37.0994 10 10
0.00227336 0.014638 -10 2078.83 1 14.2775 0.827593 1 0.714444 9.95711 10 10
0.00228592 0.0316411 -10 2011.84 1 14.1453 0.845227 1 0.7316 9.94915 10 10
0.00229848 0.048668 -10 1919.07 1 -30.9152 0.862659 1 0.748777 -33.356 10 10
0.00231104 0.0654554 -10 1913.89 1 13.9967 0.879635 1 0.765711 9.95984 10 10
0.0023236 0.0817589 -10 1852.23 1 13.875 0.895918 1 0.782154 9.95251 10 10
0.00233616 0.0973557 -10 1766.84 1 -27.6034 0.911299 1 0.797883 -29.9105 10 10
0.00234872 0.112047 -10 1762.08 1 13.7382 0.925593 1 0.812696 9.96235 10 10
0.00236128 0.125659 -10 1705.33 1 13.6262 0.938644 1 0.826419 9.95561 10 10
0.00237384 0.138045 -10 1626.73 1 -24.5551 0.950323 1 0.838904 -26.7392 10 10
0.0023864 0.149086 -10 1622.34 1 13.5003 0.96053 1 0.850031 9.96466 10 10
0.00239896 0.15869 -10 1570.11 1 13.3972 0.969193 1 0.859708 9.95846 10 10
0.00241152 0.166792 -10 1497.76 1 -21.7495 0.97627 1 0.86787 -23.8203 10 10
0.00242408 0.173355 -10 1493.73 1 13.2813 0.981742 1 0.87448 9.96679 10 10
0.00243664 0.178368 -10 1445.66 1 13.1865 0.98562 1 0.879525 9.96108 10 10
0.0024492 0.181843 -10 1379.06 1 -19.1671 0.987936 1 0.88302 -21.1337 10 10
0.00246176 0.183816 -10 1375.36 1 13.0798 0.988745 1 0.885 9.96874 10 10
0.00247432 0.184344 -10 1331.11 1 12.9925 0.988123 1 0.885523 9.96349 10 10
0.00248688 0.183504 -10 1269.81 1 -16.7902 0.986162 1 0.884666 -18.6609 10 10
0.00249944 0.181387 -10 1266.4 1 12.8942 0.982971 1 0.882522 9.97055 10 10
0.002512 0.178101 -10 1225.68 1 12.8139 0.978671 1 0.8792 9.96571 10 10
0.00252456 0.173765 -10 1169.25 1 -14.6025 0.973392 1 0.874819 -16.385 10 10
0.00253712 0.168507 -10 1166.12 1 12.7235 0.967273 1 0.869509 9.9722 10 10
0.00254968 0.162461 -10 1128.64 1 12.6496 0.960458 1 0.863406 9.96776 10 10
0.00256224 0.155768 -10 1076.69 1 -12.589 0.953092 1 0.85665 -14.2901 10 10
0.0025748 0.148567 -10 1073.82 1 12.5663 0.945322 1 0.849384 9.97373 10 10
0.00258736 0.141001 -10 1039.32 1 12.4983 0.93729 1 0.841749 9.96964 10 10
0.00259992 0.133206 -10 991.505 1 -10.7356 0.929136 1 0.833885 -12.362 10 10
0.00261248 0.125318 -10 988.859 1 12.4217 0.920993 1 0.825927 9.97513 10 10
0.00262504 0.117462 -10 957.111 1 12.3591 0.912987 1 0.818004 9.97137 10 10
0.0026376 0.109759 -10 913.096 1 -9.02981 0.905233 1 0.810234 -10.5873 10 10
0.00265016 0.102319 -10 910.663 1 12.2885 0.897835 1 0.80273 9.97643 10 10
0.00266272 0.0952404 -10 881.444 1 12.2309 0.890888 1 0.795593 9.97296 10 10
0.00267528 0.0886123 -10 840.927 1 -7.45974 0.884472 1 0.788909 -8.95387 10 10
0.00268784 0.0825103 -10 838.691 1 12.166 0.878655 1 0.782757 9.97762 10 10
0.0027004 0.076998 -10 811.799 1 12.113 0.873492 1 0.777201 9.97443 10 10
0.00271296 0.072126 -10 774.501 1 -6.01462 0.869025 1 0.77229 -7.45044 10 10
0.00272552 0.0679321 -10 772.447 1 12.0532 0.865282 1 0.768064 9.97871 10 10
0.00273808 0.0644412 -10 747.697 1 12.0044 0.862277 1 0.764547 9.97578 10 10
0.00275064 0.0616663 -10 713.362 1 -4.68452 0.860016 1 0.761753 -6.06665 10 10
0.0027632 0.0596082 -10 711.475 1 11.9494 0.858488 1 0.759681 9.97972 10 10
0.00277576 0.0582567 -10 688.697 1 11.9045 0.857674 1 0.758323 9.97702 10 10
0.00278832 0.0575915 -10 657.089 1 -3.46027 0.857546 1 0.757657 -4.79299 10 10
0.00280088 0.0575827 -10 655.356 1 11.8539 0.858066 1 0.757652 9.98065 10 10
0.00281344 0.0581919 -10 634.392 1 11.8125 0.859186 1 0.758271 9.97817 10 10
0.002826 0.0593738 -10 605.295 1 -2.33346 0.860856 1 0.759468 -3.6207 10 10
0.00283856 0.0610767 -10 603.702 1 11.7659 0.863016 1 0.761189 9.9815 10 10
0.00285112 0.0632437 -10 584.409 1 11.7279 0.865606 1 0.763378 9.97922 10 10
0.00286368 0.0658144 -10 557.622 1 -1.29632 0.86856 1 0.765975 -2.54171 10 10
0.00287624 0.0687257 -10 556.16 1 11.685 0.871811 1 0.768914 9.98229 10 10
0.0028888 0.0719126 -10 538.404 1 11.6499 0.875292 1 0.772131 9.98019 10 10
0.00290136 0.0753099 -10 513.744 1 -0.34173 0.878936 1 0.775559 -1.54859 10 10
0.00291392 0.0788531 -10 512.401 1 11.6105 0.882677 1 0.779135 9.98301 10 10
0.00292648 0.0824789 -10 496.06 1 11.5782 0.886451 1 0.782793 9.98108 10 10
0.00293904 0.0861266 -10 473.357 1 0.536891 0.890199 1 0.786473 -0.634507 10 10
0.0029516 0.0897387 -10 472.125 1 11.5419 0.893865 1 0.790116 9.98368 10 10
0.00296416 0.0932617 -10 457.087 1 11.5122 0.897396 1 0.79367 9.9819 10 10
0.00297672 0.0966463 -10 436.185 1 1.34559 0.900745 1 0.797083 0.206827 10 10
0.00298928 0.0998484 -10 435.055 1 11.4788 0.903873 1 0.800312 9.98429 10 10
0.00300184 0.102829 -10 421.215 1 11.4515 0.906744 1 0.803317 9.98266 10 10
0.0030144 0.105556 -10 401.972 1 2.08992 0.909328 1 0.806066 0.981204 10 10
0.00302696 0.108002 -10 400.934 1 11.4207 0.911602 1 0.808531 9.98485 10 10
0.00303952 0.110144 -10 388.198 1 11.3956 0.913549 1 0.81069 9.98335 10 10
0.00305208 0.111969 -10 370.481 1 2.77502 0.915159 1 0.812528 1.69395 10 10
0.00306464 0.113465 -10 369.529 1 11.3672 0.916426 1 0.814036 9.98537 10 10
0.0030772 0.11463 -10 357.808 1 11.3441 0.91735 1 0.815209 9.98399 10 10
0.00308976 0.115465 -10 341.496 1 3.40559 0.917938 1 0.816049 2.34997 10 10
0.00310232 0.115976 -10 340.624 1 11.318 0.9182 1 0.816562 9.98585 10 10
0.00311488 0.116174 -10 329.837 1 11.2967 0.918151 1 0.81676 9.98458 10 10
0.00312744 0.116075 -10 314.818 1 3.98598 0.917809 1 0.816657 2.95378 10 10
0.00314 0.115696 -10 314.019 1 11.2727 0.917198 1 0.816273 9.98629 10 10
0.00315256 0.115061 -10 304.093 1 11.2531 0.916342 1 0.815631 9.98512 10 10
0.00316512 0.114194 -10 290.264 1 4.52018 0.915269 1 0.814755 3.50954 10 10
0.00317768 0.113122 -10 289.531 1 11.231 0.914008 1 0.813672 9.98669 10 10
0.00319024 0.111874 -10 280.397 1 11.213 0.912589 1 0.812411 9.98562 10 10
0.0032028 0.110478 -10 267.663 1 5.01186 0.911044 1 0.811003 4.02107 10 10
0.00321536 0.108966 -10 266.993 1 11.1926 0.909403 1 0.809477 9.98707 10 10
0.00322792 0.107367 -10 258.587 1 11.1761 0.907698 1 0.807863 9.98608 10 10
0.00324048 0.105711 -10 246.861 1 5.46441 0.905959 1 0.806192 4.49189 10 10
0.00325304 0.104027 -10 246.248 1 11.1573 0.904215 1 0.804494 9.98741 10 10
0.0032656 0.102343 -10 238.513 1 11.1421 0.902492 1 0.802795 9.9865 10 10
0.00327816 0.100684 -10 227.715 1 5.88095 0.900816 1 0.801121 4.92523 10 10
0.00329072 0.0990751 -10 227.154 1 11.1248 0.899211 1 0.799499 9.98773 10 10
0.00330328 0.0975376 -10 220.036 1 11.1108 0.897696 1 0.797948 9.98689 10 10
0.00331584 0.0960913 -10 210.093 1 6.26433 0.89629 1 0.79649 5.32409 10 10
0.0033284 0.094753 -10 209.579 1 11.0949 0.895009 1 0.79514 9.98802 10 10
0.00334096 0.0935372 -10 203.03 1 11.082 0.893864 1 0.793915 9.98725 10 10
0.00335352 0.0924555 -10 193.873 1 6.61721 0.892866 1 0.792825 5.6912 10 10
0.00336608 0.0915167 -10 193.403 1 11.0673 0.892021 1 0.791879 9.98828 10 10
0.00337864 0.090727 -10 187.377 1 11.0555 0.891333 1 0.791083 9.98758 10 10
0.0033912 0.0900898 -10 178.943 1 6.94199 0.890804 1 0.790441 6.0291 10 10
0.00340376 0.0896061 -10 178.515 1 11.042 0.890433 1 0.789954 9.98853 10 10
0.00341632 0.0892744 -10 172.97 1 11.0311 0.890216 1 0.789621 9.98789 10 10
0.00342888 0.0890908 -10 165.202 1 7.24094 0.890148 1 0.789437 6.34011 10 10
0.00344144 0.0890497 -10 164.812 1 11.0186 0.89022 1 0.789396 9.98876 10 10
0.003454 0.0891432 -10 159.71 1 11.0086 0.890424 1 0.789491 9.98816 10 10
0.00346656 0.0893622 -10 152.555 1 7.51608 0.890749 1 0.789713 6.62636 10 10
0.00347912 0.0896958 -10 152.199 1 10.9972 0.891182 1 0.79005 9.98896 10 10
0.00349168 0.0901323 -10 147.505 1 10.9879 0.891712 1 0.790491 9.98842 10 10
0.00350424 0.0906589 -10 140.914 1 7.76934 0.892323 1 0.791023 6.88983 10 10
0.0035168 0.0912622 -10 140.59 1 10.9774 0.893001 1 0.791632 9.98916 10 10
0.00352936 0.0919285 -10 136.271 1 10.9689 0.893733 1 0.792305 9.98866 10 10
0.00354192 0.0926438 -10 130.2 1 8.00243 0.894504 1 0.793027 7.13234 10 10
0.00355448 0.0933942 -10 129.905 1 10.9592 0.8953 1 0.793784 9.98933 10 10
0.00356704 0.094166 -10 125.932 1 10.9514 0.896106 1 0.794563 9.98888 10 10
0.0035796 0.0949462 -10 120.338 1 8.21698 0.896911 1 0.79535 7.35554 10 10
0.00359216 0.0957222 -10 120.07 1 10.9425 0.897701 1 0.796133 9.9895 10 10
0.00360472 0.0964822 -10 116.415 1 10.9353 0.898466 1 0.796899 9.98908 10 10
0.00361728 0.0972156 -10 111.261 1 8.41445 0.899194 1 0.797639 7.56098 10 10
0.00362984 0.0979124 -10 111.018 1 10.927 0.899877 1 0.798342 9.98965 10 10
0.0036424 0.0985642 -10 107.656 1 10.9204 0.900508 1 0.798999 9.98926 10 10
0.00365496 0.0991635 -10 102.907 1 8.5962 0.901078 1 0.799603 7.75007 10 10
0.00366752 0.099704 -10 102.686 1 10.9129 0.901584 1 0.800148 9.98978 10 10
0.00368008 0.100181 -10 99.5935 1 10.9068 0.90202 1 0.800629 9.98943 10 10
0.00369264 0.100591 -10 95.2174 1 8.76349 0.902385 1 0.801041 7.92411 10 10
0.0037052 0.100931 -10 95.0176 1 10.8998 0.902677 1 0.801384 9.98991 10 10
0.00371776 0.1012 -10 92.1729 1 10.8942 0.902895 1 0.801655 9.98959 10 10
0.00373032 0.101399 -10 88.1399 1 8.91747 0.903041 1 0.801855 8.0843 10 10
0.00374288 0.101527 -10 87.9593 1 10.8878 0.903117 1 0.801984 9.99003 10 10
0.00375544 0.101588 -10 85.3429 1 10.8827 0.903125 1 0.802045 9.98973 10 10
0.003768 0.101584 -10 81.6256 1 9.05919 0.903069 1 0.802041 8.23174 10 10
0.00378056 0.10152 -10 81.4628 1 10.8767 0.902954 1 0.801975 9.99013 10 10
0.00379312 0.101399 -10 79.0565 1 10.872 0.902785 1 0.801853 9.98986 10 10
0.00380568 0.101227 -10 75.6297 1 9.18963 0.902568 1 0.801679 8.36745 10 10
0.00381824 0.10101 -10 75.4833 1 10.8665 0.902309 1 0.80146 9.99023 10 10
0.0038308 0.100753 -10 73.2703 1 10.8622 0.902014 1 0.8012 9.98999 10 10
0.00384336 0.100463 -10 70.1111 1 9.30969 0.901691 1 0.800907 8.49236 10 10
0.00385592 0.100146 -10 69.9797 1 10.8572 0.901345 1 0.800587 9.99032 10 10
0.00386848 0.0998082 -10 67.9447 1 10.8532 0.900984 1 0.800247 9.9901 10 10
0.00388104 0.0994569 -10 65.0316 1 9.4202 0.900613 1 0.799892 8.60732 10 10
0.0038936 0.0990979 -10 64.9142 1 10.8485 0.90024 1 0.79953 9.99041 10 10
0.00390616 0.0987371 -10 63.0429 1 10.8449 0.89987 1 0.799166 9.9902 10 10
0.00391872 0.0983803 -10 60.3564 1 9.52191 0.899508 1 0.798806 8.71314 10 10
0.00393128 0.0980326 -10 60.2517 1 10.8406 0.89916 1 0.798456 9.99048 10 10
0.00394384 0.097699 -10 58.5312 1 10.8372 0.89883 1 0.798119 9.9903 10 10
0.0039564 0.0973838 -10 56.0533 1 9.61552 0.898522 1 0.797801 8.81053 10 10
0.00396896 0.0970907 -10 55.9603 1 10.8333 0.89824 1 0.797506 9.99056 10 10
0.00398152 0.096823 -10 54.3786 1 10.8302 0.897987 1 0.797236 9.99038 10 10
0.00399408 0.0965833 -10 52.0927 1 9.70169 0.897764 1 0.796994 8.90018 10 10
0.00400664 0.0963737 -10 52.0105 1 10.8266 0.897574 1 0.796783 9.99062 10 10
0.0040192 0.0961956 -10 50.5565 1 10.8237 0.897418 1 0.796604 9.99046 10 10
0.00403176 0.0960501 -10 48.4473 1 9.78102 0.897295 1 0.796457 8.98274 10 10
0.00404432 0.0959373 -10 48.375 1 10.8204 0.897206 1 0.796344 9.99068 10 10
0.00405688 0.0958572 -10 47.0386 1 10.8178 0.89715 1 0.796263 9.99054 10 10
0.00406944 0.0958091 -10 45.0928 1 9.85461 0.897127 1 0.796215 9.05951 10 10
0.004082 0.0957918 -10 45.0289 1 10.8147 0.897134 1 0.796197 9.99074 10 10
0.00409456 0.0958038 -10 43.8007 1 10.8123 0.89717 1 0.79621 9.99061 10 10
0.00410712 0.0958432 -10 42.0059 1 9.92272 0.897232 1 0.79625 9.13076 10 10
0.00411968 0.0959079 -10 41.949 1 10.8094 0.897319 1 0.796315 9.99079 10 10
0.00413224 0.0959952 -10 40.8204 1 10.8072 0.897426 1 0.796403 9.99067 10 10
0.0041448 0.0961027 -10 39.1648 1 9.9854 0.897552 1 0.796512 9.19655 10 10
0.00415736 0.0962274 -10 39.1143 1 10.8046 0.897694 1 0.796638 9.99083 10 10
0.00416992 0.0963663 -10 38.0774 1 10.8026 0.897847 1 0.796778 9.99073 10 10
0.00418248 0.0965167 -10 36.5502 1 10.0432 0.89801 1 0.79693 9.25738 10 10
0.00419504 0.0966753 -10 36.5051 1 10.8002 0.898179 1 0.79709 9.99088 10 10
0.0042076 0.0968394 -10 35.5526 1 10.7983 0.898351 1 0.797256 9.99075 10 10
0.00422016 0.097006 -10 34.144 1 10.0966 0.898524 1 0.797424 9.31382 10 10
0.00423272 0.0971725 -10 34.1035 1 10.7959 0.898694 1 0.797592 9.99073 10 10
0.00424528 0.0973363 -10 33.2284 1 10.794 0.898859 1 0.797757 9.99043 10 10
0.00425784 0.0974949 -10 31.9299 1 10.1461 0.899017 1 0.797917 9.36632 10 10
0.0042704 0.0976464 -10 31.8925 1 10.7916 0.899166 1 0.798069 9.99019 10 10
0.00428296 0.0977887 -10 31.0888 1 10.7896 0.899305 1 0.798213 9.98972 10 10
0.00429552 0.0979202 -10 29.8941 1 10.1935 0.89943 1 0.798346 9.41667 10 10
0.00430808 0.0980395 -10 29.8572 1 10.7871 0.899542 1 0.798466 9.9893 10 10
0.00432064 0.0981454 -10 29.1193 1 10.7851 0.89964 1 0.798573 9.98878 10 10
0.0043332 0.0982372 -10 28.0261 1 10.2426 0.899723 1 0.798665 9.4687 10 10
0.00434576 0.0983142 -10 27.9838 1 10.7826 0.899789 1 0.798743 9.98831 10 10
0.00435832 0.0983761 -10 27.3064 1 10.7805 0.899841 1 0.798805 9.98771 10 10
0.00437088 0.0984228 -10 26.324 1 10.3049 0.899876 1 0.798852 9.53389 10 10
0.00438344 0.0984545 -10 26.2592 1 10.778 0.899896 1 0.798884 9.98721 10 10
0.004396 0.0984716 -10 25.6381 1 10.7756 0.899902 1 0.798901 9.98639 10 10
0.00440856 0.0984747 -10 24.8381 1 10.4429 0.899894 1 0.798904 9.67456 10 10
0.00442112 0.0984644 -10 24.6717 1 10.7732 0.899873 1 0.798894 9.98597 10 10
0.00443368 0.0984419 -10 24.1131 1 10.7631 0.89984 1 0.798871 9.97992 10 10
0.00444624 0.0984081 -10 23.6005 1 10.6887 0.899796 1 0.798837 9.91935 10 10
0.0044588 0.0983642 -10 23.2197 1 10.7609 0.899743 1 0.798792 9.97961 10 10
0.00447136 0.0983115 -10 22.725 1 10.6828 0.899682 1 0.798739 9.91543 10 10
0.00448392 0.0982514 -10 22.3692 1 10.7583 0.899615 1 0.798678 9.97898 10 10
0.00449648 0.098185 -10 21.8923 1 10.6769 0.899542 1 0.798611 9.91156 10 10
0.00450904 0.098114 -10 21.5601 1 10.7556 0.899465 1 0.79854 9.97825 10 10
0.0045216 0.0980396 -10 21.1002 1 10.6713 0.899387 1 0.798465 9.90787 10 10
0.00453416 0.0979631 -10 20.7904 1 10.7527 0.899307 1 0.798387 9.97739 10 10
0.00454672 0.0978859 -10 20.347 1 10.6661 0.899227 1 0.79831 9.9045 10 10
0.00455928 0.0978093 -10 20.0581 1 10.7497 0.899149 1 0.798232 9.97638 10 10
0.00457184 0.0977342 -10 19.6308 1 10.6614 0.899074 1 0.798157 9.90157 10 10
0.0045844 0.097662 -10 19.3614 1 10.7464 0.899002 1 0.798084 9.97521 10 10
0.00459696 0.0975933 -10 18.9501 1 10.6572 0.898935 1 0.798014 9.89914 10 10
0.00460952 0.0975292 -10 18.6986 1 10.743 0.898873 1 0.79795 9.97387 10 10
0.00462208 0.0974704 -10 18.303 1 10.6536 0.898817 1 0.79789 9.89718 10 10
0.00463464 0.0974174 -10 18.068 1 10.7393 0.898768 1 0.797837 9.97235 10 10
0.0046472 0.0973707 -10 17.688 1 10.6504 0.898725 1 0.79779 9.89564 10 10
0.00465976 0.0973307 -10 17.468 1 10.7355 0.898689 1 0.79775 9.97064 10 10
0.00467232 0.0972975 -10 17.1033 1 10.6476 0.898661 1 0.797716 9.89439 10 10
0.00468488 0.0972714 -10 16.8971 1 10.7314 0.89864 1 0.79769 9.96871 10 10
0.00469744 0.0972523 -10 16.5475 1 10.645 0.898626 1 0.797671 9.89331 10 10
0.00471 0.0972401 -10 16.354 1 10.7271 0.898619 1 0.797659 9.96657 10 10
0.00472256 0.0972346 -10 16.0189 1 10.6424 0.898619 1 0.797653 9.89229 10 10
0.00473512 0.0972354 -10 15.8371 1 10.7226 0.898625 1 0.797654 9.96419 10 10
0.00474768 0.0972422 -10 15.5162 1 10.6399 0.898637 1 0.797661 9.89124 10 10
0.00476024 0.0972546 -10 15.3453 1 10.7178 0.898654 1 0.797673 9.96154 10 10
0.0047728 0.0972719 -10 15.0381 1 10.6372 0.898676 1 0.797691 9.89007 10 10
0.00478536 0.0972938 -10 14.8773 1 10.7127 0.898701 1 0.797713 9.95859 10 10
0.00479792 0.0973194 -10 14.5832 1 10.6344 0.898731 1 0.797739 9.88869 10 10
0.00481048 0.0973484 -10 14.4317 1 10.7072 0.898763 1 0.797768 9.95528 10 10
0.00482304 0.0973799 -10 14.1504 1 10.6313 0.898797 1 0.7978 9.88705 10 10
0.0048356 0.0974134 -10 14.0075 1 10.7013 0.898833 1 0.797834 9.95156 10 10
0.00484816 0.0974482 -10 13.7384 1 10.6279 0.89887 1 0.797869 9.88504 10 10
0.00486072 0.0974838 -10 13.6035 1 10.695 0.898907 1 0.797905 9.94732 10 10
0.00487328 0.0975194 -10 13.3462 1 10.624 0.898943 1 0.797941 9.88258 10 10
0.00488584 0.0975547 -10 13.2186 1 10.688 0.898979 1 0.797976 9.94246 10 10
0.0048984 0.097589 -10 12.9726 1 10.6195 0.899013 1 0.798011 9.87953 10 10
0.00491096 0.0976218 -10 12.8517 1 10.6803 0.899046 1 0.798044 9.93683 10 10
0.00492352 0.0976529 -10 12.6165 1 10.6143 0.899076 1 0.798075 9.87567 10 10
0.00493608 0.0976817 -10 12.5016 1 10.6715 0.899104 1 0.798104 9.93014 10 10
0.00494864 0.097708 -10 12.2768 1 10.6079 0.899129 1 0.798131 9.87074 10 10
0.0049612 0.0977314 -10 12.167 1 10.6614 0.89915 1 0.798154 9.92204 10 10
0.00497376 0.0977519 -10 11.9521 1 10.6 0.899169 1 0.798175 9.86424 10 10
0.00498632 0.0977693 -10 11.8466 1 10.6492 0.899184 1 0.798193 9.91188 10 10
0.00499888 0.0977835 -10 11.6408 1 10.5897 0.899196 1 0.798207 9.85529 10 10
0.00501144 0.0977944 -10 11.5385 1 10.6337 0.899205 1 0.798218 9.89843 10 10
0.005024 0.0978021 -10 11.3403 1 10.575 0.89921 1 0.798226 9.84203 10 10
0.00503656 0.0978066 -10 11.239 1 10.6122 0.899212 1 0.79823 9.87889 10 10
0.00504912 0.0978081 -10 11.0449 1 10.551 0.899211 1 0.798232 9.81936 10 10
0.00506168 0.0978067 -10 10.9387 1 10.5755 0.899207 1 0.79823 9.84416 10 10
0.00507424 0.0978026 -10 10.7331 1 10.4961 0.899201 1 0.798226 9.76592 10 10
0.0050868 0.097796 -10 10.5745 1 10.4604 0.899192 1 0.798219 9.73093 10 10
0.00509936 0.0977872 -10 10.2724 1 10.2764 0.899181 1 0.79821 9.54795 10 10
0.00511192 0.0977765 -10 9.87735 1 9.99365 0.899169 1 0.7982 9.26632 10 10
0.00512448 0.097764 -10 9.33073 1 9.55144 0.899155 1 0.798187 8.82565 10 10
0.00513704 0.0977502 -10 8.67558 1 8.99161 0.899139 1 0.798173 8.26765 10 10
0.0051496 0.0977352 -10 7.92733 1 8.32843 0.899123 1 0.798158 7.60661 10 10
0.00516216 0.0977195 -10 7.10133 1 7.57631 0.899107 1 0.798142 6.85692 10 10
0.00517472 0.0977032 -10 6.21351 1 6.75047 0.89909 1 0.798126 6.0338 10 10
0.00518728 0.0976867 -10 5.2802 1 5.86671 0.899072 1 0.798109 5.15306 10 10
0.00519984 0.0976703 -10 4.31782 1 4.94115 0.899056 1 0.798092 4.23079 10 10
0.0052124 0.0976541 -10 3.34259 1 3.98993 0.899039 1 0.798076 3.28313 10 10
0.00522496 0.0976385 -10 2.37033 1 3.02897 0.899024 1 0.79806 2.32599 10 10
0.00523752 0.0976236 -10 1.41621 1 2.07376 0.899009 1 0.798045 1.37482 10 10
0.00525008 0.0976096 -10 0.494508 1 1.13907 0.898996 1 0.798031 0.444372 10 10
0.00526264 0.0975966 -10 -0.381594 1 0.23877 0.898983 1 0.798018 -0.451528 10 10
0.0052752 0.0975849 -10 -1.20018 1 -0.614368 0.898972 1 0.798006 -1.30019 10 10
0.00528776 0.0975746 -10 -1.95078 1 -1.40887 0.898963 1 0.797996 -2.09021 10 10
0.00530032 0.0975656 -10 -2.62449 1 -2.13472 0.898955 1 0.797987 -2.8117 10 10
0.00531288 0.0975581 -10 -3.21412 1 -2.78346 0.898948 1 0.797979 -3.45634 10 10
0.00532544 0.0975521 -10 -3.71423 1 -3.34833 0.898943 1 0.797973 -4.01753 10 10
0.005338 0.0975476 -10 -4.12119 1 -3.82431 0.89894 1 0.797969 -4.49042 10 10
0.00535056 0.0975445 -10 -4.43312 1 -4.20814 0.898938 1 0.797966 -4.87191 10 10
0.00536312 0.0975429 -10 -4.64983 1 -4.49827 0.898937 1 0.797964 -5.16058 10 10
0.00537568 0.0975427 -10 -4.77266 1 -4.69479 0.898938 1 0.797964 -5.35659 10 10
0.00538824 0.0975439 -10 -4.80433 1 -4.79925 0.898941 1 0.797965 -5.46148 10 10
0.0054008 0.0975462 -10 -4.74873 1 -4.81454 0.898944 1 0.797967 -5.47806 10 10
0.00541336 0.0975496 -10 -4.6108 1 -4.74467 0.898948 1 0.797971 -5.41021 10 10
0.00542592 0.097554 -10 -4.39634 1 -4.59465 0.898954 1 0.797975 -5.26279 10 10
0.00543848 0.0975593 -10 -4.11192 1 -4.37035 0.89896 1 0.797981 -5.0415 10 10
0.00545104 0.0975653 -10 -3.76476 1 -4.07835 0.898966 1 0.797987 -4.75277 10 10
0.0054636 0.0975719 -10 -3.36263 1 -3.72589 0.898974 1 0.797993 -4.40371 10 10
0.00547616 0.0975789 -10 -2.91374 1 -3.32072 0.898981 1 0.798 -4.00197 10 10
0.00548872 0.0975863 -10 -2.42666 1 -2.87101 0.898989 1 0.798008 -3.55563 10 10
0.00550128 0.0975939 -10 -1.91012 1 -2.38524 0.898997 1 0.798016 -3.07312 10 10
0.00551384 0.0976015 -10 -1.37299 1 -1.87206 0.899005 1 0.798023 -2.56305 10 10
0.0055264 0.0976091 -10 -0.824064 1 -1.3402 0.899012 1 0.798031 -2.03411 10 10
0.00553896 0.0976165 -10 -0.271997 1 -0.798306 0.89902 1 0.798038 -1.49494 10 10
0.00555152 0.0976236 -10 0.274847 1 -0.254866 0.899027 1 0.798046 -0.954008 10 10
0.00556408 0.0976304 -10 0.808494 1 0.281946 0.899034 1 0.798052 -0.419485 10 10
0.00557664 0.0976367 -10 1.32147 1 0.804359 0.89904 1 0.798059 0.100862 10 10
0.0055892 0.0976425 -10 1.8069 1 1.30511 0.899045 1 0.798065 0.599772 10 10
0.00560176 0.0976477 -10 2.25857 1 1.77755 0.89905 1 0.79807 1.07058 10 10
0.00561432 0.0976522 -10 2.67101 1 2.21568 0.899054 1 0.798074 1.50731 10 10
0.00562688 0.0976561 -10 3.03958 1 2.61427 0.899058 1 0.798078 1.90471 10 10
0.00563944 0.0976594 -10 3.36044 1 2.96889 0.89906 1 0.798082 2.25833 10 10
0.005652 0.0976619 -10 3.63066 1 3.27592 0.899062 1 0.798084 2.56458 10 10
0.00566456 0.0976637 -10 3.84816 1 3.53263 0.899064 1 0.798086 2.82069 10 10
0.00567712 0.0976649 -10 4.01175 1 3.73713 0.899064 1 0.798087 3.02479 10 10
0.00568968 0.0976654 -10 4.12112 1 3.88843 0.899064 1 0.798088 3.17587 10 10
0.00570224 0.0976653 -10 4.1768 1 3.98635 0.899064 1 0.798087 3.27375 10 10
0.0057148 0.0976645 -10 4.1801 1 4.03157 0.899062 1 0.798087 3.3191 10 10
0.00572736 0.0976633 -10 4.13309 1 4.02554 0.899061 1 0.798085 3.31334 10 10
0.00573992 0.0976615 -10 4.03854 1 3.97041 0.899059 1 0.798084 3.25866 10 10
0.00575248 0.0976593 -10 3.89984 1 3.86903 0.899056 1 0.798081 3.15787 10 10
0.00576504 0.0976568 -10 3.7209 1 3.72483 0.899053 1 0.798079 3.0144 10 10
0.0057776 0.0976539 -10 3.50612 1 3.54179 0.89905 1 0.798076 2.8322 10 10
0.00579016 0.0976508 -10 3.26028 1 3.32429 0.899046 1 0.798073 2.61566 10 10
0.00580272 0.0976474 -10 2.98843 1 3.07708 0.899043 1 0.798069 2.36953 10 10
0.00581528 0.097644 -10 2.69582 1 2.80521 0.899039 1 0.798066 2.09881 10 10
0.00582784 0.0976405 -10 2.38782 1 2.51386 0.899036 1 0.798062 1.8087 10 10
0.0058404 0.0976369 -10 2.06981 1 2.20833 0.899032 1 0.798059 1.50446 10 10
0.00585296 0.0976335 -10 1.74711 1 1.89391 0.899028 1 0.798055 1.19138 10 10
0.00586552 0.0976301 -10 1.42489 1 1.57583 0.899025 1 0.798052 0.874655 10 10
0.00587808 0.0976268 -10 1.1081 1 1.25913 0.899022 1 0.798049 0.559319 10 10
0.00589064 0.0976238 -10 0.801403 1 0.948647 0.899019 1 0.798046 0.250176 10 10
0.0059032 0.0976209 -10 0.509088 1 0.648899 0.899016 1 0.798043 -0.0482721 10 10
0.00591576 0.0976184 -10 0.235054 1 0.364052 0.899014 1 0.79804 -0.331881 10 10
0.00592832 0.0976161 -10 -0.0172576 1 0.0978618 0.899012 1 0.798038 -0.596919 10 10
0.00594088 0.0976141 -10 -0.244892 1 -0.146367 0.89901 1 0.798036 -0.840102 10 10
0.00595344 0.0976124 -10 -0.445408 1 -0.365817 0.899008 1 0.798034 -1.05863 10 10
0.005966 0.097611 -10 -0.616889 1 -0.558177 0.899007 1 0.798033 -1.25021 10 10
0.00597856 0.0976099 -10 -0.757953 1 -0.721655 0.899006 1 0.798032 -1.41307 10 10
0.00599112 0.0976092 -10 -0.86775 1 -0.854989 0.899006 1 0.798031 -1.54594 10 10
0.00600368 0.0976088 -10 -0.945946 1 -0.957432 0.899006 1 0.79803 -1.6481 10 10
0.00601624 0.0976086 -10 -0.992706 1 -1.02875 0.899006 1 0.79803 -1.71929 10 10
0.0060288 0.0976088 -10 -1.00867 1 -1.06918 0.899006 1 0.798031 -1.75977 10 10
0.00604136 0.0976092 -10 -0.994905 1 -1.07945 0.899007 1 0.798031 -1.77024 10 10
0.00605392 0.0976099 -10 -0.952902 1 -1.06068 0.899008 1 0.798032 -1.75183 10 10
0.00606648 0.0976108 -10 -0.884499 1 -1.01441 0.899009 1 0.798033 -1.70603 10 10
0.00607904 0.0976119 -10 -0.791856 1 -0.942498 0.89901 1 0.798034 -1.63471 10 10
0.0060916 0.0976131 -10 -0.677404 1 -0.847132 0.899011 1 0.798035 -1.54003 10 10
0.00610416 0.0976145 -10 -0.543797 1 -0.73075 0.899013 1 0.798036 -1.42442 10 10
0.00611672 0.097616 -10 -0.393864 1 -0.596 0.899015 1 0.798038 -1.29049 10 10
0.00612928 0.0976175 -10 -0.230559 1 -0.445696 0.899016 1 0.798039 -1.14105 10 10
0.00614184 0.0976191 -10 -0.0569135 1 -0.282764 0.899018 1 0.798041 -0.978996 10 10
0.0061544 0.0976208 -10 0.124013 1 -0.1102 0.89902 1 0.798043 -0.807319 10 10
0.00616696 0.0976224 -10 0.309179 1 0.0689839 0.899021 1 0.798044 -0.629014 10 10
0.00617952 0.097624 -10 0.495604 1 0.251798 0.899023 1 0.798046 -0.447055 10 10
0.00619208 0.0976255 -10 0.680412 1 0.435324 0.899024 1 0.798047 -0.264352 10 10
0.00620464 0.097627 -10 0.860869 1 0.61675 0.899026 1 0.798049 -0.0837034 10 10
0.0062172 0.0976284 -10 1.03442 1 0.793414 0.899027 1 0.79805 0.0922344 10 10
0.00622976 0.0976297 -10 1.19871 1 0.962833 0.899028 1 0.798052 0.260986 10 10
0.00624232 0.0976308 -10 1.35163 1 1.12274 0.899029 1 0.798053 0.420285 10 10
0.00625488 0.0976318 -10 1.49133 1 1.27108 0.89903 1 0.798054 0.568099 10 10
0.00626744 0.0976327 -10 1.61623 1 1.4061 0.899031 1 0.798055 0.702655 10 10
0.00628 0.0976334 -10 1.72504 1 1.52629 0.899032 1 0.798055 0.822449 10 10
0.00629256 0.097634 -10 1.81675 1 1.63042 0.899032 1 0.798056 0.926266 10 10
0.00630512 0.081474 -10 1.86877 0 1.70538 0.876795 0 0.785807 0.997348 10 10
0.00631768 0.0505345 -10 1.8815 0 1.7435 0.834043 0 0.754532 1.03551 10 10
0.00633024 0.00712743 -10 1.86352 0 1.75046 0.779571 0 0.710693 1.04263 10 10
0.0063428 -0.0474516 -10 1.81627 0 1.72734 0.714803 0 0.655594 1.01976 10 10
0.00635536 -0.111704 -10 1.74168 0 1.67571 0.641344 0 0.590745 0.96849 10 10
0.00636792 -0.184066 -10 1.64201 0 1.59753 0.560844 0 0.51772 0.890762 10 10
0.00638048 -0.262935 -10 1.51982 0 1.4951 0.474968 0 0.438132 0.78886 10 10
0.00639304 -0.3467 -10 1.37791 0 1.37098 0.385369 0 0.353605 0.665344 10 10
0.0064056 -0.433764 -10 1.21927 0 1.22796 0.293666 0 0.265746 0.523002 10 10
0.00641816 -0.522574 -10 1.04702 0 1.06903 0.201413 0 0.176122 0.364797 10 10
0.00643072 -0.611638 -10 0.864382 0 0.897285 0.110084 0 0.0862358 0.193816 10 10
0.00644328 -0.699551 -10 0.674583 0 0.715883 0.0210503 -0 -0.00249304 0.0132167 10 10
0.00645584 -0.785008 -10 0.480839 0 0.528016 -0.0644344 0 -0.0887479 -0.173828 10 10
0.0064684 -0.866821 -10 0.286287 0 0.336836 -0.145247 0 -0.171329 -0.364176 10 10
0.00648096 -0.943933 -10 0.0939492 0 0.145418 -0.220407 0 -0.249168 -0.554766 10 10
0.00649352 -1.01542 -10 -0.0933138 0 -0.0432901 -0.289081 0 -0.321333 -0.742663 10 10
0.00650608 -1.08052 -10 -0.272841 0 -0.226504 -0.35059 0 -0.387042 -0.925095 10 10
0.00651864 -1.13859 -10 -0.442204 0 -0.401643 -0.40441 0 -0.445658 -1.09949 10 10
0.0065312 -1.18916 -10 -0.599233 0 -0.566361 -0.450168 0 -0.4967 -1.26353 10 10
0.00654376 -1.23191 -10 -0.742043 0 -0.718571 -0.487642 0 -0.53983 -1.41511 10 10
0.00655632 -1.26663 -10 -0.869048 0 -0.856469 -0.516753 0 -0.57486 -1.55246 10 10
0.00656888 -1.29329 -10 -0.978972 0 -0.978548 -0.537559 0 -0.601736 -1.67407 10 10
0.00658144 -1.31196 -10 -1.07086 0 -1.08361 -0.55024 0 -0.620537 -1.77875 10 10
0.006594 -1.32284 -10 -1.14407 0 -1.17077 -0.555094 0 -0.631463 -1.86562 10 10
0.00660656 -1.32622 -10 -1.19827 0 -1.23945 -0.552521 0 -0.634822 -1.93411 10 10
0.00661912 -1.32252 -10 -1.23345 0 -1.2894 -0.543009 0 -0.631021 -1.98396 10 10
0.00663168 -1.31222 -10 -1.24988 0 -1.32063 -0.527124 0 -0.62055 -2.01518 10 10
0.00664424 -1.29587 -10 -1.2481 0 -1.33348 -0.505494 0 -0.603974 -2.02811 10 10
0.0066568 -1.27409 -10 -1.2289 0 -1.32851 -0.478798 0 -0.581916 -2.02331 10 10
0.00666936 -1.24753 -10 -1.19333 0 -1.30657 -0.447748 0 -0.555043 -2.0016 10 10
0.00668192 -1.2169 -10 -1.14259 0 -1.26869 -0.413081 0 -0.524057 -1.96404 10 10
0.00669448 -1.1829 -10 -1.07812 0 -1.21614 -0.375545 0 -0.489679 -1.91185 10 10
0.00670704 -1.14626 -10 -1.00146 0 -1.15032 -0.335884 0 -0.452637 -1.84645 10 10
0.0067196 -1.10769 -10 -0.914292 0 -1.0728 -0.294832 0 -0.413658 -1.76938 10 10
0.00673216 -1.0679 -10 -0.818379 0 -0.985233 -0.2531 0 -0.373453 -1.68231 10 10
0.00674472 -1.02756 -10 -0.715543 0 -0.889384 -0.211366 0 -0.332709 -1.58697 10 10
0.00675728 -0.987334 -10 -0.607635 0 -0.78705 -0.170268 0 -0.292083 -1.48515 10 10
0.00676984 -0.947822 -10 -0.496506 0 -0.680055 -0.130397 0 -0.252188 -1.37867 10 10
0.0067824 -0.909587 -10 -0.383977 0 -0.57022 -0.0922906 0 -0.213591 -1.26935 10 10
0.00679496 -0.873141 -10 -0.271816 0 -0.459331 -0.056428 0 -0.176806 -1.15896 10 10
0.00680752 -0.838935 -10 -0.161712 0 -0.349115 -0.0232258 0 -0.142289 -1.04923 10 10
0.00682008 -0.807362 -10 -0.0552526 0 -0.241221 0.00696429 0 -0.110435 -0.941785 10 10
0.00683264 -0.778751 -10 0.046095 0 -0.137191 0.033857 0 -0.0815747 -0.838176 10 10
0.0068452 -0.753366 -10 0.141001 0 -0.0384474 0.057234 0 -0.0559746 -0.739817 10 10
0.00685776 -0.731407 -10 0.228288 0 0.0537276 0.0769437 0 -0.0338351 -0.647988 10 10
0.00687032 -0.71301 -10 0.306944 0 0.138203 0.0928992 0 -0.0152922 -0.563815 10 10
0.00688288 -0.698248 -10 0.376128 0 0.214013 0.105076 0 -0.000418994 -0.488264 10 10
0.00689544 -0.687133 -10 0.435177 0 0.280361 0.11351 0 0.010772 -0.422129 10 10
0.006908 -0.679623 -10 0.483612 0 0.336627 0.118292 0 0.0183256 -0.366029 10 10
0.00692056 -0.67562 -10 0.521133 0 0.382372 0.119562 0 0.0223397 -0.320404 10 10
0.00693312 -0.67498 -10 0.547619 0 0.417333 0.117509 0 0.022961 -0.285516 10 10
0.00694568 -0.677515 -10 0.563124 0 0.441423 0.11236 0 0.0203799 -0.261453 10 10
0.00695824 -0.682997 -10 0.567864 0 0.454725 0.104376 0 0.014825 -0.248136 10 10
0.0069708 -0.691169 -10 0.562213 0 0.457483 0.093849 0 0.0065573 -0.245321 10 10
0.00698336 -0.701746 -10 0.546689 0 0.45009 0.0810905 0 -0.00413555 -0.252617 10 10
0.00699592 -0.714421 -10 0.521937 0 0.433081 0.0664296 0 -0.0169453 -0.269494 10 10
0.00700848 -0.728876 -10 0.488718 0 0.407113 0.0502052 0 -0.0315492 -0.295296 10 10
0.00702104 -0.744782 -10 0.447891 0 0.372955 0.0327603 0 -0.0476155 -0.329258 10 10
0.0070336 -0.761807 -10 0.400396 0 0.33147 0.0144368 0 -0.0648097 -0.370522 10 10
0.00704616 -0.779621 -10 0.347236 0 0.283595 -0.00443028 0 -0.0827993 -0.418154 10 10
0.00705872 -0.797903 -10 0.28946 0 0.230328 -0.0235171 0 -0.101259 -0.471161 10 10
0.00707128 -0.816342 -10 0.228143 0 0.172707 -0.0425158 0 -0.119876 -0.528508 10 10
0.00708384 -0.834645 -10 0.16437 0 0.111795 -0.0611379 0 -0.138354 -0.589137 10 10
0.0070964 -0.852535 -10 0.0992187 0 0.04866 -0.0791182 0 -0.156414 -0.651986 10 10
0.00710896 -0.869763 -10 0.0337425 0 -0.0156397 -0.0962171 0 -0.173803 -0.715999 10 10
0.00712152 -0.8861 -10 -0.0310438 0 -0.0800725 -0.112223 0 -0.190293 -0.780151 10 10
0.00713408 -0.901348 -10 -0.0941787 0 -0.143648 -0.126953 0 -0.205681 -0.843453 10 10
0.00714664 -0.915336 -10 -0.154766 0 -0.20543 -0.140257 0 -0.219796 -0.904975 10 10
0.0071592 -0.927923 -10 -0.211987 0 -0.264549 -0.152014 0 -0.232496 -0.963851 10 10
0.00717176 -0.938998 -10 -0.265107 0 -0.320213 -0.162134 0 -0.243669 -1.01929 10 10
0.00718432 -0.948482 -10 -0.313488 0 -0.371717 -0.170559 0 -0.253233 -1.07059 10 10
0.00719688 -0.956322 -10 -0.356588 0 -0.418447 -0.177261 0 -0.261138 -1.11715 10 10
0.00720944 -0.962495 -10 -0.393971 0 -0.459891 -0.182238 0 -0.267359 -1.15844 10 10
0.007222 -0.967006 -10 -0.425306 0 -0.495636 -0.185517 0 -0.271902 -1.19407 10 10
0.00723456 -0.969885 -10 -0.450368 0 -0.525376 -0.187148 0 -0.274797 -1.22371 10 10
0.00724712 -0.971184 -10 -0.469038 0 -0.54891 -0.187205 0 -0.276096 -1.24719 10 10
0.00725968 -0.970977 -10 -0.481298 0 -0.566137 -0.18578 0 -0.275876 -1.26438 10 10
0.00727224 -0.969358 -10 -0.487231 0 -0.57706 -0.182984 0 -0.27423 -1.2753 10 10
0.0072848 -0.966436 -10 -0.487012 0 -0.581776 -0.178941 0 -0.271268 -1.28004 10 10
0.00729736 -0.962332 -10 -0.480901 0 -0.580474 -0.173788 0 -0.267115 -1.27879 10 10
0.00730992 -0.957181 -10 -0.469238 0 -0.573425 -0.167671 0 -0.261905 -1.27181 10 10
0.00732248 -0.951125 -10 -0.452434 0 -0.560978 -0.16074 0 -0.255782 -1.25946 10 10
0.00733504 -0.944309 -10 -0.430959 0 -0.543547 -0.153152 0 -0.248893 -1.24214 10 10
0.0073476 -0.936884 -10 -0.405337 0 -0.521608 -0.145061 0 -0.241391 -1.22033 10 10
0.00736016 -0.929002 -10 -0.376131 0 -0.495684 -0.136622 0 -0.233427 -1.19455 10 10
0.00737272 -0.920809 -10 -0.343935 0 -0.466334 -0.127985 0 -0.225152 -1.16536 10 10
0.00738528 -0.91245 -10 -0.309365 0 -0.434151 -0.119296 0 -0.21671 -1.13334 10 10
0.00739784 -0.904065 -10 -0.273046 0 -0.399741 -0.11069 0 -0.208243 -1.0991 10 10
0.0074104 -0.895783 -10 -0.235605 0 -0.363724 -0.102296 0 -0.199881 -1.06325 10 10
0.00742296 -0.887725 -10 -0.197658 0 -0.326713 -0.0942296 0 -0.191747 -1.02641 10 10
0.00743552 -0.880003 -10 -0.159806 0 -0.289314 -0.0865957 0 -0.183952 -0.989182 10 10
0.00744808 -0.872715 -10 -0.12262 0 -0.252113 -0.0794862 0 -0.176597 -0.952143 10 10
0.00746064 -0.865948 -10 -0.0866386 0 -0.215669 -0.0729791 0 -0.169769 -0.915853 10 10
0.0074732 -0.859775 -10 -0.052361 0 -0.180505 -0.0671391 0 -0.16354 -0.880833 10 10
0.00748576 -0.854255 -10 -0.0202381 0 -0.147104 -0.0620163 0 -0.157972 -0.847564 10 10
0.00749832 -0.849435 -10 0.00933018 0 -0.115901 -0.0576472 0 -0.153111 -0.816482 10 10
0.00751088 -0.845348 -10 0.0359995 0 -0.0872807 -0.0540543 0 -0.14899 -0.787967 10 10
0.00752344 -0.842013 -10 0.0594838 0 -0.0615715 -0.0512469 0 -0.145629 -0.762349 10 10
0.007536 -0.839437 -10 0.0795576 0 -0.0390444 -0.0492217 0 -0.143034 -0.739897 10 10
0.00754856 -0.837614 -10 0.0960566 0 -0.0199104 -0.0479635 0 -0.141199 -0.720822 10 10
0.00756112 -0.836529 -10 0.108878 0 -0.00432018 -0.0474462 0 -0.140109 -0.705274 10 10
0.00757368 -0.836153 -10 0.117979 0 0.00763587 -0.0476339 0 -0.139735 -0.693345 10 10
0.00758624 -0.836451 -10 0.123376 0 0.0159266 -0.0484818 0 -0.140041 -0.685064 10 10
0.0075988 -0.837379 -10 0.12514 0 0.0205779 -0.0499378 0 -0.140982 -0.680408 10 10
0.00761136 -0.838884 -10 0.123395 0 0.0216702 -0.0519434 0 -0.142506 -0.679297 10 10
0.00762392 -0.840909 -10 0.118315 0 0.019335 -0.0544351 0 -0.144555 -0.681598 10 10
0.00763648 -0.843392 -10 0.110115 0 0.0137506 -0.0573456 0 -0.147065 -0.687137 10 10
0.00764904 -0.846268 -10 0.0990508 0 0.00513728 -0.0606053 0 -0.149971 -0.695693 10 10
0.0076616 -0.849468 -10 0.0854102 0 -0.0062473 -0.0641431 0 -0.153206 -0.70701 10 10
0.00767416 -0.852925 -10 0.0695088 0 -0.020114 -0.0678881 0 -0.156698 -0.7208 10 10
0.00768672 -0.85657 -10 0.0516834 0 -0.0361478 -0.0717703 0 -0.16038 -0.736749 10 10
0.00769928 -0.860336 -10 0.0322865 0 -0.0540136 -0.0757216 0 -0.164182 -0.754526 10 10
0.00771184 -0.864157 -10 0.0116795 0 -0.0733624 -0.079677 0 -0.168041 -0.77378 10 10
0.0077244 -0.867971 -10 -0.00977243 0 -0.093837 -0.0835754 0 -0.171892 -0.794158 10 10
0.00773696 -0.87172 -10 -0.0317066 0 -0.115078 -0.08736 0 -0.175676 -0.815302 10 10
0.00774952 -0.875349 -10 -0.0537681 0 -0.136729 -0.0909793 0 -0.17934 -0.836855 10 10
0.00776208 -0.878811 -10 -0.0756147 0 -0.158442 -0.0943872 0 -0.182834 -0.858473 10 10
0.00777464 -0.882061 -10 -0.096922 0 -0.179884 -0.0975439 0 -0.186115 -0.879823 10 10
0.0077872 -0.885063 -10 -0.117387 0 -0.200738 -0.100416 0 -0.189143 -0.900589 10 10
0.00779976 -0.887784 -10 -0.136733 0 -0.22071 -0.102975 0 -0.191889 -0.92048 10 10
0.00781232 -0.890199 -10 -0.154711 0 -0.239533 -0.105201 0 -0.194325 -0.939229 10 10
0.00782488 -0.89229 -10 -0.171104 0 -0.256968 -0.10708 0 -0.196434 -0.956596 10 10
0.00783744 -0.894043 -10 -0.185728 0 -0.272806 -0.108602 0 -0.198201 -0.972375 10 10
0.00785 -0.895452 -10 -0.198434 0 -0.286871 -0.109766 0 -0.199621 -0.986391 10 10
0.00786256 -0.896515 -10 -0.209108 0 -0.299025 -0.110576 0 -0.200692 -0.998504 10 10
0.00787512 -0.897236 -10 -0.217672 0 -0.309161 -0.111039 0 -0.201417 -1.00861 10 10
0.00788768 -0.897625 -10 -0.224083 0 -0.317208 -0.111169 0 -0.201807 -1.01664 10 10
0.00790024 -0.897695 -10 -0.228335 0 -0.323131 -0.110984 0 -0.201876 -1.02255 10 10
0.0079128 -0.897464 -10 -0.230451 0 -0.32693 -0.110505 0 -0.201641 -1.02634 10 10
0.00792536 -0.896954 -10 -0.230489 0 -0.328633 -0.109758 0 -0.201124 -1.02805 10 10
0.00793792 -0.896189 -10 -0.228536 0 -0.328304 -0.10877 0 -0.200349 -1.02774 10 10
0.00795048 -0.895197 -10 -0.224703 0 -0.326031 -0.10757 0 -0.199345 -1.02549 10 10
0.00796304 -0.894005 -10 -0.219129 0 -0.321932 -0.106189 0 -0.19814 -1.02142 10 10
0.0079756 -0.892644 -10 -0.211971 0 -0.316143 -0.10466 0 -0.196764 -1.01567 10 10
0.00798816 -0.891145 -10 -0.203404 0 -0.308825 -0.103015 0 -0.19525 -1.0084 10 10
0.00800072 -0.889539 -10 -0.193617 0 -0.300153 -0.101285 0 -0.193628 -0.999773 10 10
0.00801328 -0.887858 -10 -0.182811 0 -0.290316 -0.0995032 0 -0.191929 -0.989987 10 10
0.00802584 -0.886131 -10 -0.171193 0 -0.279511 -0.0976995 0 -0.190186 -0.979237 10 10
0.0080384 -0.884389 -10 -0.158974 0 -0.267945 -0.095903 0 -0.188426 -0.967727 10 10
0.00805096 -0.882658 -10 -0.146366 0 -0.255825 -0.0941411 0 -0.186679 -0.955664 10 10
0.00806352 -0.880965 -10 -0.133576 0 -0.243359 -0.0924387 0 -0.18497 -0.943255 10 10
0.00807608 -0.879334 -10 -0.120807 0 -0.230752 -0.0908185 0 -0.183323 -0.930704 10 10
0.00808864 -0.877786 -10 -0.108254 0 -0.218201 -0.0893006 0 -0.181761 -0.918209 10 10
0.0081012 -0.876339 -10 -0.0960981 0 -0.205897 -0.0879024 0 -0.180301 -0.905956 10 10
0.00811376 -0.875011 -10 -0.0845087 0 -0.194015 -0.0866382 0 -0.178961 -0.894124 10 10
0.00812632 -0.873815 -10 -0.0736388 0 -0.182721 -0.0855196 0 -0.177754 -0.882874 10 10
0.00813888 -0.87276 -10 -0.0636241 0 -0.17216 -0.0845551 0 -0.17669 -0.872355 10 10
0.00815144 -0.871856 -10 -0.0545818 0 -0.162465 -0.0837504 0 -0.175779 -0.862696 10 10
0.008164 -0.871107 -10 -0.0466092 0 -0.153746 -0.0831085 0 -0.175023 -0.854008 10 10
0.00817656 -0.870515 -10 -0.0397833 0 -0.146097 -0.0826296 0 -0.174427 -0.846385 10 10
0.00818912 -0.87008 -10 -0.0341605 0 -0.139588 -0.0823114 0 -0.173989 -0.839896 10 10
0.00820168 -0.8698 -10 -0.0297764 0 -0.134272 -0.0821492 0 -0.173708 -0.834596 10 10
0.00821424 -0.86967 -10 -0.0266462 0 -0.130181 -0.0821363 0 -0.173577 -0.830513 10 10
0.0082268 -0.869682 -10 -0.0247655 0 -0.127325 -0.082264 0 -0.173591 -0.827661 10 10
0.00823936 -0.869829 -10 -0.0241108 0 -0.125696 -0.082522 0 -0.17374 -0.826031 10 10
0.00825192 -0.870099 -10 -0.0246411 0 -0.125269 -0.0828986 0 -0.174014 -0.825598 10 10
0.00826448 -0.870482 -10 -0.0262989 0 -0.126 -0.083381 0 -0.174401 -0.826318 10 10
0.00827704 -0.870965 -10 -0.0290119 0 -0.127829 -0.0839554 0 -0.174889 -0.828131 10 10
0.0082896 -0.871534 -10 -0.0326947 0 -0.130683 -0.0846075 0 -0.175464 -0.830966 10 10
0.00830216 -0.872175 -10 -0.0372508 0 -0.134475 -0.0853227 0 -0.176113 -0.834735 10 10
0.00831472 -0.872875 -10 -0.0425741 0 -0.139109 -0.0860862 0 -0.17682 -0.839343 10 10
0.00832728 -0.873619 -10 -0.0485516 0 -0.144479 -0.0868834 0 -0.177571 -0.844684 10 10
0.00833984 -0.874394 -10 -0.0550647 0 -0.150471 -0.0877 0 -0.178353 -0.850646 10 10
0.0083524 -0.875184 -10 -0.0619916 0 -0.15697 -0.0885222 0 -0.179152 -0.857113 10 10
0.00836496 -0.875978 -10 -0.0692096 0 -0.163853 -0.0893371 0 -0.179953 -0.863964 10 10
0.00837752 -0.876762 -10 -0.0765962 0 -0.171001 -0.0901326 0 -0.180745 -0.871079 10 10
0.00839008 -0.877526 -10 -0.0840318 0 -0.178294 -0.0908974 0 -0.181516 -0.878338 10 10
0.00840264 -0.878258 -10 -0.0914008 0 -0.185613 -0.0916218 0 -0.182255 -0.885625 10 10
0.0084152 -0.87895 -10 -0.0985937 0 -0.192847 -0.0922969 0 -0.182953 -0.892828 10 10
0.00842776 -0.879592 -10 -0.105508 0 -0.199888 -0.0929152 0 -0.183601 -0.899839 10 10
0.00844032 -0.880179 -10 -0.11205 0 -0.206636 -0.0934706 0 -0.184193 -0.90656 10 10
0.00845288 -0.880704 -10 -0.118135 0 -0.213003 -0.0939583 0 -0.184723 -0.912901 10 10
0.00846544 -0.881163 -10 -0.123689 0 -0.218905 -0.0943748 0 -0.185186 -0.918781 10 10
0.008478 -0.881552 -10 -0.128651 0 -0.224272 -0.0947178 0 -0.185579 -0.924129 10 10
0.00849056 -0.881871 -10 -0.132968 0 -0.229046 -0.0949866 0 -0.1859 -0.928885 10 10
0.00850312 -0.882118 -10 -0.136603 0 -0.233177 -0.0951813 0 -0.186148 -0.933002 10 10
0.00851568 -0.882293 -10 -0.139527 0 -0.236629 -0.0953033 0 -0.186325 -0.936445 10 10
0.00852824 -0.882399 -10 -0.141726 0 -0.239379 -0.0953551 0 -0.186431 -0.939187 10 10
0.0085408 -0.882437 -10 -0.143198 0 -0.241414 -0.0953401 0 -0.186469 -0.941218 10 10
0.00855336 -0.882411 -10 -0.143949 0 -0.242732 -0.0952624 0 -0.186443 -0.942535 10 10
0.00856592 -0.882326 -10 -0.143998 0 -0.243343 -0.095127 0 -0.186356 -0.943148 10 10
0.00857848 -0.882186 -10 -0.143374 0 -0.243267 -0.0949393 0 -0.186214 -0.943078 10 10
0.00859104 -0.881996 -10 -0.142114 0 -0.242535 -0.0947055 0 -0.186023 -0.942353 10 10
0.0086036 -0.881763 -10 -0.140265 0 -0.241184 -0.0944318 0 -0.185787 -0.941013 10 10
0.00861616 -0.881493 -10 -0.137879 0 -0.239262 -0.0941248 0 -0.185513 -0.939103 10 10
0.00862872 -0.881191 -10 -0.135014 0 -0.23682 -0.0937912 0 -0.185209 -0.936676 10 10
0.00864128 -0.880865 -10 -0.131735 0 -0.23392 -0.0934377 0 -0.184879 -0.933791 10 10
0.00865384 -0.880521 -10 -0.128109 0 -0.230622 -0.093071 0 -0.184532 -0.930511 10 10
0.0086664 -0.880165 -10 -0.124205 0 -0.226996 -0.0926974 0 -0.184173 -0.926902 10 10
0.00867896 -0.879804 -10 -0.120095 0 -0.223108 -0.0923233 0 -0.183808 -0.923034 10 10
0.00869152 -0.879443 -10 -0.11585 0 -0.219031 -0.0919542 0 -0.183443 -0.918976 10 10
0.00870408 -0.879088 -10 -0.11154 0 -0.214833 -0.0915957 0 -0.183085 -0.914797 10 10
0.00871664 -0.878744 -10 -0.107233 0 -0.210584 -0.0912527 0 -0.182738 -0.910567 10 10
0.0087292 -0.878416 -10 -0.102996 0 -0.206351 -0.0909294 0 -0.182407 -0.906352 10 10
0.00874176 -0.878108 -10 -0.0988905 0 -0.202197 -0.0906297 0 -0.182096 -0.902216 10 10
0.00875432 -0.877823 -10 -0.0949727 0 -0.198183 -0.0903568 0 -0.181808 -0.898219 10 10
0.00876688 -0.877564 -10 -0.091295 0 -0.194364 -0.0901134 0 -0.181547 -0.894415 10 10
0.00877944 -0.877335 -10 -0.0879034 0 -0.190791 -0.0899014 0 -0.181315 -0.890856 10 10
0.008792 -0.877135 -10 -0.0848378 0 -0.187507 -0.0897222 0 -0.181114 -0.887584 10 10
0.00880456 -0.876968 -10 -0.0821312 0 -0.18455 -0.0895766 0 -0.180946 -0.884638 10 10
0.00881712 -0.876833 -10 -0.0798101 0 -0.181953 -0.089465 0 -0.18081 -0.882049 10 10
0.00882968 -0.876731 -10 -0.0778938 0 -0.179739 -0.0893869 0 -0.180707 -0.879842 10 10
0.00884224 -0.876662 -10 -0.0763945 0 -0.177926 -0.0893416 0 -0.180637 -0.878035 10 10
0.0088548 -0.876623 -10 -0.0753179 0 -0.176526 -0.0893278 0 -0.180599 -0.876638 10 10
0.00886736 -0.876615 -10 -0.0746626 0 -0.175542 -0.089344 0 -0.180591 -0.875655 10 10
0.00887992 -0.876636 -10 -0.0744211 0 -0.174972 -0.089388 0 -0.180612 -0.875085 10 10
0.00889248 -0.876683 -10 -0.0745799 0 -0.174808 -0.0894576 0 -0.180659 -0.874919 10 10
0.00890504 -0.876754 -10 -0.0751198 0 -0.175034 -0.08955 0 -0.180732 -0.875142 10 10
0.0089176 -0.876847 -10 -0.0760168 0 -0.175633 -0.0896627 0 -0.180826 -0.875735 10 10
0.00893016 -0.876959 -10 -0.0772421 0 -0.176578 -0.0897926 0 -0.180939 -0.876673 10 10
0.00894272 -0.877087 -10 -0.0787635 0 -0.17784 -0.0899366 0 -0.181068 -0.877928 10 10
0.00895528 -0.877229 -10 -0.0805454 0 -0.179389 -0.0900918 0 -0.181211 -0.879468 10 10
0.00896784 -0.87738 -10 -0.0825498 0 -0.181187 -0.0902551 0 -0.181364 -0.881256 10 10
0.0089804 -0.877539 -10 -0.0847367 0 -0.183196 -0.0904235 0 -0.181524 -0.883256 10 10
0.00899296 -0.877702 -10 -0.0870653 0 -0.185379 -0.0905941 0 -0.181689 -0.885428 10 10
0.00900552 -0.877867 -10 -0.089494 0 -0.187693 -0.0907641 0 -0.181856 -0.887731 10 10
0.00901808 -0.878031 -10 -0.0919817 0 -0.190099 -0.090931 0 -0.182021 -0.890126 10 10
0.00903064 -0.878191 -10 -0.094488 0 -0.192555 -0.0910923 0 -0.182183 -0.892571 10 10
0.0090432 -0.878346 -10 -0.0969738 0 -0.195023 -0.091246 0 -0.182339 -0.895027 10 10
0.00905576 -0.878492 -10 -0.099402 0 -0.197463 -0.09139 0 -0.182487 -0.897457 10 10
0.00906832 -0.87863 -10 -0.101738 0 -0.199841 -0.0915228 0 -0.182626 -0.899825 10 10
0.00908088 -0.878756 -10 -0.10395 0 -0.202121 -0.091643 0 -0.182753 -0.902096 10 10
0.00909344 -0.87887 -10 -0.10601 0 -0.204274 -0.0917495 0 -0.182868 -0.904241 10 10
0.009106 -0.87897 -10 -0.107892 0 -0.206272 -0.0918414 0 -0.182969 -0.906231 10 10
0.00911856 -0.879056 -10 -0.109575 0 -0.208091 -0.0919182 0 -0.183056 -0.908043 10 10
0.00913112 -0.879128 -10 -0.111042 0 -0.209711 -0.0919796 0 -0.183128 -0.909657 10 10
0.00914368 -0.879184 -10 -0.112279 0 -0.211115 -0.0920255 0 -0.183185 -0.911057 10 10
0.00915624 -0.879226 -10 -0.113277 0 -0.212291 -0.0920563 0 -0.183227 -0.912229 10 10
0.0091688 -0.879253 -10 -0.114031 0 -0.21323 -0.0920723 0 -0.183254 -0.913166 10 10
0.00918136 -0.879266 -10 -0.11454 0 -0.213929 -0.0920741 0 -0.183267 -0.913863 10 10
0.00919392 -0.879266 -10 -0.114806 0 -0.214385 -0.0920626 0 -0.183267 -0.914319 10 10
0.00920648 -0.879252 -10 -0.114834 0 -0.214603 -0.0920387 0 -0.183253 -0.914538 10 10
0.00921904 -0.879227 -10 -0.114636 0 -0.21459 -0.0920036 0 -0.183228 -0.914526 10 10
0.0092316 -0.879191 -10 -0.114222 0 -0.214354 -0.0919584 0 -0.183192 -0.914293 10 10
0.00924416 -0.879146 -10 -0.113608 0 -0.213909 -0.0919044 0 -0.183146 -0.913852 10 10
0.00925672 -0.879093 -10 -0.112813 0 -0.213271 -0.091843 0 -0.183092 -0.913217 10 10
0.00926928 -0.879032 -10 -0.111855 0 -0.212457 -0.0917756 0 -0.183031 -0.912408 10 10
0.00928184 -0.878966 -10 -0.110757 0 -0.211486 -0.0917036 0 -0.182964 -0.911443 10 10
0.0092944 -0.878896 -10 -0.10954 0 -0.210381 -0.0916283 0 -0.182893 -0.910344 10 10
0.00930696 -0.878823 -10 -0.108228 0 -0.209164 -0.0915511 0 -0.182819 -0.909132 10 10
0.00931952 -0.878748 -10 -0.106846 0 -0.207858 -0.0914733 0 -0.182744 -0.907832 10 10
0.00933208 -0.878673 -10 -0.105417 0 -0.206486 -0.0913962 0 -0.182668 -0.906467 10 10
0.00934464 -0.878599 -10 -0.103964 0 -0.205073 -0.0913209 0 -0.182593 -0.90506 10 10
0.0093572 -0.878527 -10 -0.102512 0 -0.203641 -0.0912484 0 -0.18252 -0.903635 10 10
0.00936976 -0.878457 -10 -0.101082 0 -0.202213 -0.0911797 0 -0.18245 -0.902213 10 10
0.00938232 -0.878392 -10 -0.0996956 0 -0.200811 -0.0911156 0 -0.182384 -0.900817 10 10
0.00939488 -0.878331 -10 -0.0983713 0 -0.199455 -0.0910568 0 -0.182322 -0.899467 10 10
0.00940744 -0.878275 -10 -0.0971271 0 -0.198164 -0.091004 0 -0.182266 -0.898181 10 10
0.00942 -0.878225 -10 -0.0959786 0 -0.196955 -0.0909576 0 -0.182216 -0.896977 10 10
0.00943256 -0.878181 -10 -0.0949393 0 -0.195843 -0.0909179 0 -0.182171 -0.895869 10 10
0.00944512 -0.878144 -10 -0.0940205 0 -0.19484 -0.0908851 0 -0.182134 -0.89487 10 10
0.00945768 -0.878114 -10 -0.0932313 0 -0.193958 -0.0908594 0 -0.182103 -0.893991 10 10
0.00947024 -0.87809 -10 -0.0925782 0 -0.193205 -0.0908407 0 -0.182079 -0.89324 10 10
0.0094828 -0.878073 -10 -0.0920656 0 -0.192587 -0.0908288 0 -0.182062 -0.892624 10 10
0.00949536 -0.878063 -10 -0.0916953 0 -0.192108 -0.0908236 0 -0.182052 -0.892146 10 10
0.00950792 -0.878059 -10 -0.0914672 0 -0.191769 -0.0908248 0 -0.182048 -0.891807 10 10
0.00952048 -0.878061 -10 -0.0913787 0 -0.19157 -0.0908319 0 -0.18205 -0.891608 10 10
0.00953304 -0.878069 -10 -0.0914255 0 -0.191507 -0.0908444 0 -0.182058 -0.891545 10 10
0.0095456 -0.878082 -10 -0.091601 0 -0.191577 -0.090862 0 -0.182072 -0.891614 10 10
0.00955816 -0.8781 -10 -0.0918974 0 -0.191773 -0.0908839 0 -0.18209 -0.891807 10 10
0.00957072 -0.878121 -10 -0.092305 0 -0.192085 -0.0909096 0 -0.182112 -0.892118 10 10
0.00958328 -0.878147 -10 -0.0928129 0 -0.192506 -0.0909385 0 -0.182137 -0.892536 10 10
0.00959584 -0.878175 -10 -0.0934093 0 -0.193023 -0.09097 0 -0.182166 -0.89305 10 10
0.0096084 -0.878206 -10 -0.0940813 0 -0.193625 -0.0910034 0 -0.182197 -0.893649 10 10
0.00962096 -0.878239 -10 -0.0948156 0 -0.194299 -0.091038 0 -0.18223 -0.894319 10 10
0.00963352 -0.878272 -10 -0.0955984 0 -0.195032 -0.0910733 0 -0.182264 -0.895049 10 10
0.00964608 -0.878306 -10 -0.0964156 0 -0.19581 -0.0911087 0 -0.182298 -0.895823 10 10
0.00965864 -0.87834 -10 -0.0972534 0 -0.19662 -0.0911437 0 -0.182333 -0.896629 10 10
0.0096712 -0.878374 -10 -0.0980982 0 -0.197447 -0.0911776 0 -0.182367 -0.897452 10 10
0.00968376 -0.878407 -10 -0.0989367 0 -0.198279 -0.0912102 0 -0.1824 -0.898281 10 10
0.00969632 -0.878438 -10 -0.0997565 0 -0.199102 -0.0912408 0 -0.182431 -0.8991 10 10
0.00970888 -0.878467 -10 -0.100546 0 -0.199905 -0.0912693 0 -0.182461 -0.8999 10 10
0.00972144 -0.878494 -10 -0.101294 0 -0.200676 -0.0912952 0 -0.182488 -0.900667 10 10
0.009734 -0.878519 -10 -0.101991 0 -0.201404 -0.0913184 0 -0.182513 -0.901392 10 10
0.00974656 -0.87854 -10 -0.102628 0 -0.20208 -0.0913386 0 -0.182535 -0.902066 10 10
0.00975912 -0.878559 -10 -0.103199 0 -0.202696 -0.0913556 0 -0.182554 -0.90268 10 10
0.00977168 -0.878575 -10 -0.103698 0 -0.203246 -0.0913696 0 -0.18257 -0.903228 10 10
0.00978424 -0.878588 -10 -0.104119 0 -0.203723 -0.0913803 0 -0.182583 -0.903703 10 10
0.0097968 -0.878598 -10 -0.10446 0 -0.204124 -0.0913878 0 -0.182593 -0.904103 10 10
0.00980936 -0.878605 -10 -0.104718 0 -0.204444 -0.0913922 0 -0.1826 -0.904423 10 10
0.00982192 -0.878609 -10 -0.104894 0 -0.204684 -0.0913936 0 -0.182603 -0.904662 10 10
0.00983448 -0.878609 -10 -0.104987 0 -0.204842 -0.0913922 0 -0.182604 -0.90482 10 10
0.00984704 -0.878608 -10 -0.105001 0 -0.20492 -0.0913882 0 -0.182602 -0.904898 10 10
0.0098596 -0.878603 -10 -0.104938 0 -0.204919 -0.0913817 0 -0.182598 -0.904898 10 10
0.00987216 -0.878597 -10 -0.104802 0 -0.204843 -0.0913731 0 -0.182591 -0.904823 10 10
0.00988472 -0.878588 -10 -0.104599 0 -0.204697 -0.0913625 0 -0.182582 -0.904677 10 10
0.00989728 -0.878577 -10 -0.104334 0 -0.204485 -0.0913503 0 -0.182572 -0.904467 10 10
0.00990984 -0.878565 -10 -0.104014 0 -0.204214 -0.0913367 0 -0.18256 -0.904197 10 10
0.0099224 -0.878552 -10 -0.103646 0 -0.203889 -0.091322 0 -0.182546 -0.903874 10 10
0.00993496 -0.878538 -10 -0.103237 0 -0.203519 -0.0913066 0 -0.182532 -0.903506 10 10
0.00994752 -0.878523 -10 -0.102797 0 -0.20311 -0.0912907 0 -0.182517 -0.903099 10 10
0.00996008 -0.878507 -10 -0.102332 0 -0.202671 -0.0912746 0 -0.182501 -0.902663 10 10
0.00997264 -0.878492 -10 -0.101851 0 -0.20221 -0.0912585 0 -0.182485 -0.902203 10 10
0.0099852 -0.878476 -10 -0.101361 0 -0.201734 -0.0912427 0 -0.18247 -0.90173 10 10
0.00999776 -0.878461 -10 -0.100872 0 -0.201251 -0.0912274 0 -0.182454 -0.901249 10 10
0.0100103 -0.878446 -10 -0.100389 0 -0.20077 -0.0912128 0 -0.18244 -0.90077 10 10
0.0100229 -0.878433 -10 -0.0999207 0 -0.200297 -0.0911992 0 -0.182425 -0.900299 10 10
0.0100354 -0.878419 -10 -0.0994731 0 -0.199839 -0.0911866 0 -0.182412 -0.899843 10 10
0.010048 -0.878407 -10 -0.0990522 0 -0.199402 -0.0911751 0 -0.1824 -0.899408 10 10
0.0100606 -0.878397 -10 -0.0986633 0 -0.198993 -0.091165 0 -0.182389 -0.899 10 10
0.0100731 -0.878387 -10 -0.098311 0 -0.198617 -0.0911563 0 -0.18238 -0.898625 10 10
0.0100857 -0.878379 -10 -0.0979991 0 -0.198277 -0.0911489 0 -0.182371 -0.898286 10 10
0.0100982 -0.878372 -10 -0.0977308 0 -0.197977 -0.091143 0 -0.182365 -0.897988 10 10
0.0101108 -0.878367 -10 -0.0975082 0 -0.197721 -0.0911386 0 -0.182359 -0.897733 10 10
0.0101234 -0.878363 -10 -0.097333 0 -0.19751 -0.0911357 0 -0.182355 -0.897523 10 10
0.0101359 -0.87836 -10 -0.0972057 0 -0.197346 -0.0911341 0 -0.182352 -0.897359 10 10
0.0101485 -0.878359 -10 -0.0971264 0 -0.19723 -0.0911339 0 -0.182351 -0.897243 10 10
0.010161 -0.878359 -10 -0.0970941 0 -0.19716 -0.0911349 0 -0.182351 -0.897173 10 10
0.0101736 -0.87836 -10 -0.0971076 0 -0.197137 -0.0911371 0 -0.182352 -0.897149 10 10
0.0101862 -0.878362 -10 -0.0971646 0 -0.197158 -0.0911404 0 -0.182355 -0.89717 10 10
0.0101987 -0.878366 -10 -0.0972625 0 -0.197222 -0.0911446 0 -0.182358 -0.897233 10 10
0.0102113 -0.87837 -10 -0.097398 0 -0.197325 -0.0911497 0 -0.182362 -0.897336 10 10
0.0102238 -0.878375 -10 -0.0975676 0 -0.197465 -0.0911555 0 -0.182367 -0.897475 10 10
0.0102364 -0.878381 -10 -0.0977671 0 -0.197638 -0.0911618 0 -0.182373 -0.897647 10 10
0.010249 -0.878387 -10 -0.0979925 0 -0.197839 -0.0911686 0 -0.182379 -0.897847 10 10
0.0102615 -0.878393 -10 -0.098239 0 -0.198065 -0.0911757 0 -0.182386 -0.898072 10 10
0.0102741 -0.8784 -10 -0.0985021 0 -0.198312 -0.091183 0 -0.182393 -0.898317 10 10
0.0102866 -0.878407 -10 -0.0987771 0 -0.198573 -0.0911904 0 -0.1824 -0.898578 10 10
0.0102992 -0.878414 -10 -0.0990592 0 -0.198846 -0.0911977 0 -0.182407 -0.898849 10 10
0.0103118 -0.878422 -10 -0.0993439 0 -0.199124 -0.0912048 0 -0.182415 -0.899126 10 10
0.0103243 -0.878428 -10 -0.0996268 0 -0.199405 -0.0912117 0 -0.182421 -0.899405 10 10
0.0103369 -0.878435 -10 -0.0999035 0 -0.199683 -0.0912182 0 -0.182428 -0.899682 10 10
0.0103494 -0.878441 -10 -0.10017 0 -0.199954 -0.0912243 0 -0.182434 -0.899952 10 10
0.010362 -0.878447 -10 -0.100423 0 -0.200214 -0.0912299 0 -0.18244 -0.900211 10 10
0.0103746 -0.878452 -10 -0.100659 0 -0.20046 -0.0912349 0 -0.182446 -0.900456 10 10
0.0103871 -0.878457 -10 -0.100875 0 -0.200689 -0.0912393 0 -0.18245 -0.900684 10 10
0.0103997 -0.878461 -10 -0.101069 0 -0.200898 -0.0912431 0 -0.182455 -0.900893 10 10
0.0104122 -0.878465 -10 -0.101238 0 -0.201084 -0.0912462 0 -0.182458 -0.901078 10 10
0.0104248 -0.878468 -10 -0.101381 0 -0.201247 -0.0912487 0 -0.182461 -0.90124 10 10
0.0104374 -0.87847 -10 -0.101498 0 -0.201383 -0.0912505 0 -0.182463 -0.901376 10 10
0.0104499 -0.878472 -10 -0.101586 0 -0.201492 -0.0912516 0 -0.182465 -0.901485 10 10
0.0104625 -0.878473 -10 -0.101647 0 -0.201575 -0.0912521 0 -0.182466 -0.901567 10 10
0.010475 -0.878473 -10 -0.10168 0 -0.201629 -0.0912521 0 -0.182466 -0.901622 10 10
0.0104876 -0.878473 -10 -0.101686 0 -0.201657 -0.0912514 0 -0.182466 -0.901649 10 10
0.0105002 -0.878472 -10 -0.101666 0 -0.201658 -0.0912502 0 -0.182465 -0.901651 10 10
0.0105127 -0.878471 -10 -0.101621 0 -0.201634 -0.0912486 0 -0.182464 -0.901627 10 10
0.0105253 -0.878469 -10 -0.101554 0 -0.201586 -0.0912466 0 -0.182463 -0.901579 10 10
0.0105378 -0.878467 -10 -0.101466 0 -0.201515 -0.0912441 0 -0.18246 -0.901509 10 10
0.0105504 -0.878465 -10 -0.101358 0 -0.201425 -0.0912414 0 -0.182458 -0.901419 10 10
0.010563 -0.878462 -10 -0.101235 0 -0.201316 -0.0912384 0 -0.182455 -0.901311 10 10
0.0105755 -0.878459 -10 -0.101098 0 -0.201192 -0.0912353 0 -0.182452 -0.901188 10 10
0.0105881 -0.878456 -10 -0.10095 0 -0.201055 -0.091232 0 -0.182449 -0.901051 10 10
0.0106006 -0.878453 -10 -0.100794 0 -0.200908 -0.0912287 0 -0.182446 -0.900905 10 10
0.0106132 -0.87845 -10 -0.100632 0 -0.200752 -0.0912253 0 -0.182443 -0.90075 10 10
0.0106258 -0.878446 -10 -0.100467 0 -0.200592 -0.091222 0 -0.18244 -0.900591 10 10
0.0106383 -0.878443 -10 -0.100302 0 -0.20043 -0.0912188 0 -0.182436 -0.900429 10 10
0.0106509 -0.87844 -10 -0.100139 0 -0.200267 -0.0912157 0 -0.182433 -0.900267 10 10
0.0106634 -0.878437 -10 -0.0999809 0 -0.200107 -0.0912128 0 -0.18243 -0.900108 10 10
0.010676 -0.878434 -10 -0.0998297 0 -0.199953 -0.0912101 0 -0.182427 -0.899954 10 10
0.0106886 -0.878432 -10 -0.0996873 0 -0.199805 -0.0912077 0 -0.182425 -0.899807 10 10
0.0107011 -0.87843 -10 -0.0995556 0 -0.199667 -0.0912055 0 -0.182423 -0.899669 10 10
0.0107137 -0.878427 -10 -0.0994362 0 -0.199539 -0.0912035 0 -0.18242 -0.899542 10 10
0.0107262 -0.878426 -10 -0.0993303 0 -0.199424 -0.0912019 0 -0.182419 -0.899427 10 10
0.0107388 -0.878424 -10 -0.0992391 0 -0.199322 -0.0912006 0 -0.182417 -0.899326 10 10
0.0107514 -0.878423 -10 -0.0991633 0 -0.199235 -0.0911995 0 -0.182416 -0.899239 10 10
0.0107639 -0.878422 -10 -0.0991034 0 -0.199163 -0.0911988 0 -0.182415 -0.899168 10 10
0.0107765 -0.878421 -10 -0.0990596 0 -0.199107 -0.0911984 0 -0.182414 -0.899112 10 10
0.010789 -0.878421 -10 -0.0990321 0 -0.199067 -0.0911982 0 -0.182414 -0.899071 10 10
0.0108016 -0.878421 -10 -0.0990204 0 -0.199043 -0.0911984 0 -0.182414 -0.899047 10 10
0.0108142 -0.878421 -10 -0.0990241 0 -0.199034 -0.0911987 0 -0.182414 -0.899038 10 10
0.0108267 -0.878421 -10 -0.0990426 0 -0.199041 -0.0911993 0 -0.182414 -0.899045 10 10
0.0108393 -0.878422 -10 -0.0990749 0 -0.199061 -0.0912001 0 -0.182415 -0.899065 10 10
0.0108518 -0.878423 -10 -0.09912 0 -0.199096 -0.0912011 0 -0.182416 -0.899099 10 10
0.0108644 -0.878424 -10 -0.0991766 0 -0.199142 -0.0912023 0 -0.182417 -0.899146 10 10
0.010877 -0.878425 -10 -0.0992433 0 -0.1992 -0.0912036 0 -0.182418 -0.899203 10 10
0.0108895 -0.878426 -10 -0.0993189 0 -0.199267 -0.0912049 0 -0.182419 -0.89927 10 10
0.0109021 -0.878428 -10 -0.0994016 0 -0.199343 -0.0912064 0 -0.182421 -0.899345 10 10
0.0109146 -0.878429 -10 -0.0994901 0 -0.199426 -0.0912079 0 -0.182422 -0.899428 10 10
0.0109272 -0.87843 -10 -0.0995826 0 -0.199514 -0.0912094 0 -0.182423 -0.899515 10 10
0.0109398 -0.878432 -10 -0.0996776 0 -0.199605 -0.091211 0 -0.182425 -0.899606 10 10
0.0109523 -0.878433 -10 -0.0997736 0 -0.199699 -0.0912124 0 -0.182426 -0.8997 10 10
0.0109649 -0.878435 -10 -0.099869 0 -0.199794 -0.0912139 0 -0.182428 -0.899794 10 10
0.0109774 -0.878436 -10 -0.0999624 0 -0.199888 -0.0912153 0 -0.182429 -0.899887 10 10
0.01099 -0.878438 -10 -0.100052 0 -0.199979 -0.0912166 0 -0.182431 -0.899978 10 10
0.0110026 -0.878439 -10 -0.100138 0 -0.200067 -0.0912178 0 -0.182432 -0.900066 10 10
0.0110151 -0.87844 -10 -0.100218 0 -0.20015 -0.0912189 0 -0.182433 -0.900149 10 10
0.0110277 -0.878441 -10 -0.100291 0 -0.200228 -0.0912198 0 -0.182434 -0.900226 10 10
0.0110402 -0.878442 -10 -0.100357 0 -0.200299 -0.0912207 0 -0.182435 -0.900297 10 10
0.0110528 -0.878443 -10 -0.100414 0 -0.200362 -0.0912214 0 -0.182436 -0.90036 10 10
0.0110654 -0.878443 -10 -0.100463 0 -0.200417 -0.0912219 0 -0.182436 -0.900415 10 10
0.0110779 -0.878444 -10 -0.100503 0 -0.200463 -0.0912223 0 -0.182437 -0.900461 10 10
0.0110905 -0.878444 -10 -0.100533 0 -0.200501 -0.0912226 0 -0.182437 -0.900498 10 10
0.011103 -0.878444 -10 -0.100554 0 -0.200529 -0.0912228 0 -0.182438 -0.900526 10 10
0.0111156 -0.878445 -10 -0.100566 0 -0.200548 -0.0912228 0 -0.182438 -0.900545 10 10
0.0111282 -0.878445 -10 -0.100568 0 -0.200558 -0.0912227 0 -0.182438 -0.900555 10 10
0.0111407 -0.878444 -10 -0.100562 0 -0.200558 -0.0912225 0 -0.182438 -0.900556 10 10
0.0111533 -0.878444 -10 -0.100547 0 -0.200551 -0.0912222 0 -0.182437 -0.900548 10 10
0.0111658 -0.878444 -10 -0.100525 0 -0.200535 -0.0912218 0 -0.182437 -0.900533 10 10
0.0111784 -0.878444 -10 -0.100495 0 -0.200511 -0.0912213 0 -0.182437 -0.900509 10 10
0.011191 -0.878443 -10 -0.10046 0 -0.200481 -0.0912208 0 -0.182436 -0.900479 10 10
0.0112035 -0.878442 -10 -0.100418 0 -0.200445 -0.0912202 0 -0.182436 -0.900443 10 10
0.0112161 -0.878442 -10 -0.100372 0 -0.200403 -0.0912196 0 -0.182435 -0.900402 10 10
0.0112286 -0.878441 -10 -0.100323 0 -0.200357 -0.0912189 0 -0.182434 -0.900356 10 10
0.0112412 -0.878441 -10 -0.10027 0 -0.200308 -0.0912182 0 -0.182434 -0.900307 10 10
0.0112538 -0.87844 -10 -0.100216 0 -0.200256 -0.0912175 0 -0.182433 -0.900255 10 10
0.0112663 -0.878439 -10 -0.10016 0 -0.200202 -0.0912168 0 -0.182432 -0.900201 10 10
0.0112789 -0.878439 -10 -0.100104 0 -0.200147 -0.0912161 0 -0.182432 -0.900147 10 10
0.0112914 -0.878438 -10 -0.100049 0 -0.200092 -0.0912155 0 -0.182431 -0.900092 10 10
0.011304 -0.878437 -10 -0.0999959 0 -0.200038 -0.0912149 0 -0.18243 -0.900038 10 10
0.0113166 -0.878437 -10 -0.0999448 0 -0.199986 -0.0912143 0 -0.18243 -0.899986 10 10
0.0113291 -0.878436 -10 -0.0998966 0 -0.199936 -0.0912138 0 -0.182429 -0.899937 10 10
0.0113417 -0.878436 -10 -0.0998521 0 -0.199889 -0.0912133 0 -0.182429 -0.89989 10 10
0.0113542 -0.878435 -10 -0.0998116 0 -0.199846 -0.0912129 0 -0.182428 -0.899847 10 10
0.0113668 -0.878435 -10 -0.0997757 0 -0.199807 -0.0912125 0 -0.182428 -0.899808 10 10
0.0113794 -0.878435 -10 -0.0997447 0 -0.199773 -0.0912122 0 -0.182428 -0.899774 10 10
0.0113919 -0.878434 -10 -0.0997188 0 -0.199743 -0.091212 0 -0.182427 -0.899744 10 10
0.0114045 -0.878434 -10 -0.0996984 0 -0.199718 -0.0912118 0 -0.182427 -0.89972 10 10
0.011417 -0.878434 -10 -0.0996833 0 -0.199699 -0.0912117 0 -0.182427 -0.899701 10 10
0.0114296 -0.878434 -10 -0.0996738 0 -0.199685 -0.0912116 0 -0.182427 -0.899687 10 10
0.0114422 -0.878434 -10 -0.0996695 0 -0.199677 -0.0912116 0 -0.182427 -0.899678 10 10
0.0114547 -0.878434 -10 -0.0996705 0 -0.199674 -0.0912117 0 -0.182427 -0.899675 10 10
0.0114673 -0.878434 -10 -0.0996765 0 -0.199676 -0.0912118 0 -0.182427 -0.899677 10 10
0.0114798 -0.878434 -10 -0.0996872 0 -0.199683 -0.0912119 0 -0.182427 -0.899684 10 10
0.0114924 -0.878434 -10 -0.0997022 0 -0.199694 -0.0912121 0 -0.182427 -0.899695 10 10
0.011505 -0.878434 -10 -0.099721 0 -0.199709 -0.0912124 0 -0.182427 -0.89971 10 10
0.0115175 -0.878435 -10 -0.0997434 0 -0.199729 -0.0912126 0 -0.182428 -0.89973 10 10
0.0115301 -0.878435 -10 -0.0997687 0 -0.199751 -0.0912129 0 -0.182428 -0.899752 10 10
0.0115426 -0.878435 -10 -0.0997965 0 -0.199777 -0.0912132 0 -0.182428 -0.899777 10 10
0.0115552 -0.878435 -10 -0.0998262 0 -0.199804 -0.0912135 0 -0.182428 -0.899805 10 10
0.0115678 -0.878436 -10 -0.0998573 0 -0.199834 -0.0912138 0 -0.182429 -0.899834 10 10
0.0115803 -0.878436 -10 -0.0998893 0 -0.199865 -0.0912141 0 -0.182429 -0.899865 10 10
0.0115929 -0.878436 -10 -0.0999217 0 -0.199896 -0.0912145 0 -0.182429 -0.899897 10 10
0.0116054 -0.878437 -10 -0.0999539 0 -0.199928 -0.0912148 0 -0.18243 -0.899928 10 10
0.011618 -0.878437 -10 -0.0999854 0 -0.19996 -0.0912151 0 -0.18243 -0.89996 10 10
0.0116306 -0.878437 -10 -0.100016 0 -0.199991 -0.0912153 0 -0.18243 -0.89999 10 10
0.0116431 -0.878437 -10 -0.100045 0 -0.20002 -0.0912156 0 -0.18243 -0.90002 10 10
0.0116557 -0.878438 -10 -0.100072 0 -0.200049 -0.0912158 0 -0.182431 -0.900048 10 10
0.0116682 -0.878438 -10 -0.100097 0 -0.200075 -0.091216 0 -0.182431 -0.900074 10 10
0.0116808 -0.878438 -10 -0.100119 0 -0.200099 -0.0912162 0 -0.182431 -0.900098 10 10
0.0116934 -0.878438 -10 -0.100138 0 -0.20012 -0.0912164 0 -0.182431 -0.90012 10 10
0.0117059 -0.878438 -10 -0.100155 0 -0.200139 -0.0912165 0 -0.182431 -0.900138 10 10
0.0117185 -0.878438 -10 -0.100168 0 -0.200155 -0.0912166 0 -0.182432 -0.900154 10 10
0.011731 -0.878439 -10 -0.100179 0 -0.200168 -0.0912167 0 -0.182432 -0.900167 10 10
0.0117436 -0.878439 -10 -0.100186 0 -0.200177 -0.0912167 0 -0.182432 -0.900176 10 10
0.0117562 -0.878439 -10 -0.10019 0 -0.200184 -0.0912167 0 -0.182432 -0.900183 10 10
0.0117687 -0.878439 -10 -0.100191 0 -0.200187 -0.0912167 0 -0.182432 -0.900186 10 10
0.0117813 -0.878439 -10 -0.100189 0 -0.200188 -0.0912167 0 -0.182432 -0.900187 10 10
0.0117938 -0.878439 -10 -0.100184 0 -0.200185 -0.0912166 0 -0.182432 -0.900184 10 10
0.0118064 -0.878439 -10 -0.100177 0 -0.20018 -0.0912165 0 -0.182432 -0.900179 10 10
0.011819 -0.878438 -10 -0.100167 0 -0.200172 -0.0912165 0 -0.182432 -0.900171 10 10
0.0118315 -0.878438 -10 -0.100155 0 -0.200162 -0.0912163 0 -0.182432 -0.900161 10 10
0.0118441 -0.878438 -10 -0.100141 0 -0.20015 -0.0912162 0 -0.182431 -0.900149 10 10
0.0118566 -0.878438 -10 -0.100126 0 -0.200136 -0.0912161 0 -0.182431 -0.900136 10 10
0.0118692 -0.878438 -10 -0.100109 0 -0.200121 -0.091216 0 -0.182431 -0.90012 10 10
0.0118818 -0.878438 -10 -0.100092 0 -0.200104 -0.0912158 0 -0.182431 -0.900104 10 10
0.0118943 -0.878438 -10 -0.100073 0 -0.200086 -0.0912157 0 -0.182431 -0.900086 10 10
0.0119069 -0.878438 -10 -0.100055 0 -0.200068 -0.0912155 0 -0.182431 -0.900068 10 10
0.0119194 -0.878437 -10 -0.100036 0 -0.20005 -0.0912154 0 -0.182431 -0.90005 10 10
0.011932 -0.878437 -10 -0.100017 0 -0.200031 -0.0912152 0 -0.18243 -0.900031 10 10
0.0119446 -0.878437 -10 -0.0999992 0 -0.200013 -0.0912151 0 -0.18243 -0.900013 10 10
0.0119571 -0.878437 -10 -0.0999819 0 -0.199996 -0.091215 0 -0.18243 -0.899996 10 10
0.0119697 -0.878437 -10 -0.0999656 0 -0.199979 -0.0912149 0 -0.18243 -0.899979 10 10
0.0119822 -0.878437 -10 -0.0999505 0 -0.199963 -0.0912148 0 -0.18243 -0.899963 10 10
0.0119948 -0.878437 -10 -0.0999368 0 -0.199948 -0.0912147 0 -0.18243 -0.899948 10 10
0.0120074 -0.878437 -10 -0.0999246 0 -0.199935 -0.0912146 0 -0.18243 -0.899935 10 10
0.0120199 -0.878437 -10 -0.0999141 0 -0.199923 -0.0912145 0 -0.18243 -0.899924 10 10
0.0120325 -0.878437 -10 -0.0999053 0 -0.199913 -0.0912145 0 -0.18243 -0.899914 10 10
0.012045 -0.878436 -10 -0.0998983 0 -0.199905 -0.0912144 0 -0.18243 -0.899905 10 10
0.0120576 -0.878436 -10 -0.0998931 0 -0.199898 -0.0912144 0 -0.18243 -0.899899 10 10
0.0120702 -0.878436 -10 -0.0998898 0 -0.199894 -0.0912144 0 -0.18243 -0.899894 10 10
0.0120827 -0.878436 -10 -0.0998883 0 -0.199891 -0.0912144 0 -0.18243 -0.899891 10 10
0.0120953 -0.878436 -10 -0.0998886 0 -0.199889 -0.0912144 0 -0.18243 -0.89989 10 10
0.0121078 -0.878436 -10 -0.0998905 0 -0.19989 -0.0912144 0 -0.18243 -0.89989 10 10
0.0121204 -0.878436 -10 -0.099894 0 -0.199892 -0.0912145 0 -0.18243 -0.899893 10 10
0.012133 -0.878436 -10 -0.099899 0 -0.199896 -0.0912145 0 -0.18243 -0.899896 10 10
0.0121455 -0.878437 -10 -0.0999053 0 -0.199901 -0.0912145 0 -0.18243 -0.899901 10 10
0.0121581 -0.878437 -10 -0.0999128 0 -0.199907 -0.0912146 0 -0.18243 -0.899908 10 10
0.0121706 -0.878437 -10 -0.0999212 0 -0.199915 -0.0912146 0 -0.18243 -0.899915 10 10
0.0121832 -0.878437 -10 -0.0999306 0 -0.199924 -0.0912147 0 -0.18243 -0.899924 10 10
0.0121958 -0.878437 -10 -0.0999406 0 -0.199933 -0.0912148 0 -0.18243 -0.899933 10 10
0.0122083 -0.878437 -10 -0.099951 0 -0.199943 -0.0912148 0 -0.18243 -0.899943 10 10
0.0122209 -0.878437 -10 -0.0999618 0 -0.199953 -0.0912149 0 -0.18243 -0.899953 10 10
0.0122334 -0.878437 -10 -0.0999727 0 -0.199964 -0.091215 0 -0.18243 -0.899964 10 10
0.012246 -0.878437 -10 -0.0999836 0 -0.199975 -0.091215 0 -0.18243 -0.899975 10 10
0.0122586 -0.878437 -10 -0.0999942 0 -0.199985 -0.0912151 0 -0.18243 -0.899985 10 10
0.0122711 -0.878437 -10 -0.100004 0 -0.199996 -0.0912151 0 -0.18243 -0.899996 10 10
0.0122837 -0.878437 -10 -0.100014 0 -0.200006 -0.0912152 0 -0.18243 -0.900006 10 10
0.0122962 -0.878437 -10 -0.100023 0 -0.200015 -0.0912153 0 -0.18243 -0.900015 10 10
0.0123088 -0.878437 -10 -0.100032 0 -0.200024 -0.0912153 0 -0.18243 -0.900024 10 10
0.0123214 -0.878437 -10 -0.100039 0 -0.200032 -0.0912153 0 -0.18243 -0.900032 10 10
0.0123339 -0.878437 -10 -0.100046 0 -0.20004 -0.0912154 0 -0.18243 -0.900039 10 10
0.0123465 -0.878437 -10 -0.100052 0 -0.200046 -0.0912154 0 -0.18243 -0.900046 10 10
0.012359 -0.878437 -10 -0.100056 0 -0.200051 -0.0912154 0 -0.182431 -0.900051 10 10
0.0123716 -0.878437 -10 -0.10006 0 -0.200056 -0.0912154 0 -0.182431 -0.900055 10 10
0.0123842 -0.878437 -10 -0.100062 0 -0.200059 -0.0912154 0 -0.182431 -0.900059 10 10
0.0123967 -0.878437 -10 -0.100064 0 -0.200061 -0.0912155 0 -0.182431 -0.900061 10 10
0.0124093 -0.878437 -10 -0.100064 0 -0.200062 -0.0912155 0 -0.182431 -0.900062 10 10
0.0124218 -0.878437 -10 -0.100063 0 -0.200063 -0.0912154 0 -0.182431 -0.900062 10 10
0.0124344 -0.878437 -10 -0.100062 0 -0.200062 -0.0912154 0 -0.182431 -0.900061 10 10
0.012447 -0.878437 -10 -0.100059 0 -0.20006 -0.0912154 0 -0.182431 -0.90006 10 10
0.0124595 -0.878437 -10 -0.100056 0 -0.200058 -0.0912154 0 -0.182431 -0.900057 10 10
0.0124721 -0.878437 -10 -0.100052 0 -0.200054 -0.0912154 0 -0.182431 -0.900054 10 10
0.0124846 -0.878437 -10 -0.100048 0 -0.20005 -0.0912154 0 -0.18243 -0.90005 10 10
0.0124972 -0.878437 -10 -0.100042 0 -0.200045 -0.0912153 0 -0.18243 -0.900045 10 10
0.0125098 -0.878437 -10 -0.100037 0 -0.20004 -0.0912153 0 -0.18243 -0.90004 10 10
0.0125223 -0.878437 -10 -0.100031 0 -0.200035 -0.0912153 0 -0.18243 -0.900035 10 10
0.0125349 -0.878437 -10 -0.100025 0 -0.200029 -0.0912152 0 -0.18243 -0.900029 10 10
0.0125474 -0.878437 -10 -0.100018 0 -0.200023 -0.0912152 0 -0.18243 -0.900023 10 10
0.01256 -0.878437 -10 -0.100012 0 -0.200016 -0.0912152 0 -0.18243 -0.900016 10 10
